1 1 2424 11
1 1 2425 11
1 1 2423 13
1 1 2419 18
1 1 2418 18
1 1 2420 14
1 1 6767 20
1 1 2428 13
1 1 2422 10
1 1 2421 9
1 1 2426 11
1 1 2427 11
1 2 2440 21
1 2 2436 24
1 2 2435 33
1 2 2439 20
1 2 2443 21
1 2 2434 19
1 2 2446 31
1 2 2431 34
1 2 2445 32
1 2 2441 18
1 2 2442 19
1 2 2437 35
1 2 2430 21
1 2 6669 36
1 2 2444 19
1 2 2429 47
1 2 2432 27
1 2 2433 21
1 2 2438 22
1 3 2458 10
1 3 2455 12
1 3 2447 15
1 3 2448 12
1 3 2449 11
1 3 2456 17
1 3 2459 12
1 3 2454 14
1 3 2461 14
1 3 2463 12
1 3 2462 13
1 3 2451 16
1 3 2460 13
1 3 2452 27
1 3 6768 22
1 3 6670 16
1 3 2453 13
1 3 2457 16
1 3 2450 22
1 4 2478 12
1 4 2474 8
1 4 2473 14
1 4 2470 10
1 4 2466 14
1 4 2465 16
1 4 2484 16
1 4 2476 10
1 4 2479 10
1 4 2469 10
1 4 2475 12
1 4 2472 15
1 4 2485 11
1 4 2486 27
1 4 2487 17
1 4 2481 12
1 4 2464 15
1 4 2471 13
1 4 2468 15
1 4 2477 22
1 4 2467 9
1 4 2483 8
1 4 2480 11
1 4 2482 10
1 5 2499 18
1 5 2496 18
1 5 2495 15
1 5 2493 22
1 5 2497 13
1 5 2500 14
1 5 2488 20
1 5 2489 14
1 5 2492 12
1 5 2490 12
1 5 2498 20
1 5 2502 19
1 5 2491 13
1 5 2501 14
1 5 2494 11
1 47 4195 17
1 47 4193 23
1 47 4194 19
1 47 4192 18
1 47 4196 19
1 47 4191 17
1 47 4190 13
1 47 4200 18
1 47 4202 18
1 47 4198 23
1 47 4203 26
1 47 4205 23
1 47 4206 14
1 47 4197 19
1 47 4207 15
1 47 4201 22
1 47 4204 22
1 47 4199 20
1 47 4210 18
1 47 4212 17
1 47 4217 18
1 47 4215 31
1 47 4213 18
1 47 4218 16
1 47 4219 18
1 47 4214 34
1 47 4216 14
1 47 4209 15
1 47 4208 19
1 47 4211 21
1 47 4228 17
1 47 4230 13
1 47 4222 20
1 47 4221 20
1 47 4229 15
1 47 4225 20
1 47 4220 21
1 47 4224 13
1 47 4223 19
1 47 4226 16
1 47 4227 13
1 47 4232 17
1 47 4231 17
1 47 4239 16
1 47 4236 15
1 47 4238 16
1 47 4240 24
1 47 4235 16
1 47 4234 17
1 47 4241 20
1 47 4242 13
1 47 4233 16
1 47 4237 23
1 47 4243 13
1 47 4244 17
1 47 4247 17
1 47 4246 12
1 47 4245 30
1 47 4252 18
1 47 4253 17
1 47 4251 17
1 47 4249 22
1 47 4250 23
1 47 4254 21
1 47 4255 17
1 47 4248 19
1 48 5575 0
1 48 5576 0
1 48 5577 0
1 48 5578 0
1 48 5581 0
1 48 5579 0
1 48 5580 0
1 48 5582 0
1 48 5584 0
1 48 5589 0
1 48 5591 0
1 48 5588 0
1 48 5587 0
1 48 5583 0
1 48 5590 0
1 48 5585 0
1 48 5592 0
1 48 5586 0
1 48 5593 0
1 48 5595 0
1 48 5599 0
1 48 5596 0
1 48 5597 0
1 48 5594 0
1 48 5598 0
1 48 5603 0
1 48 5606 0
1 48 5600 0
1 48 5605 0
1 48 5602 0
1 48 5601 0
1 48 5604 0
1 48 5614 0
1 48 5613 0
1 48 5610 0
1 48 5608 0
1 48 5612 0
1 48 5611 0
1 48 5609 0
1 48 5607 0
1 277 6700 0
1 277 6699 0
1 277 1647 0
1 277 1644 0
1 277 1662 0
1 277 1642 0
1 277 1641 0
1 277 1660 0
1 277 1658 0
1 277 1656 0
1 277 1659 0
1 277 1639 0
1 277 1643 0
1 277 1649 0
1 277 1648 0
1 277 1640 0
1 277 1652 0
1 277 1657 0
1 277 1661 0
1 277 1651 0
1 277 1654 0
1 277 1638 0
1 277 1646 0
1 277 1655 0
1 277 1645 0
1 277 1653 0
1 277 1650 0
1 278 1687 0
1 278 1663 0
1 278 1666 0
1 278 1670 0
1 278 1671 0
1 278 1676 0
1 278 1686 0
1 278 1678 0
1 278 1664 0
1 278 1669 0
1 278 1672 0
1 278 1675 0
1 278 1689 0
1 278 1665 0
1 278 1679 0
1 278 1667 0
1 278 1668 0
1 278 1677 0
1 278 1673 0
1 278 1681 0
1 278 1688 0
1 278 1690 0
1 278 1684 0
1 278 1682 0
1 278 1674 0
1 278 1683 0
1 278 1685 0
1 278 1680 0
1 278 6751 0
1 279 1711 0
1 279 1714 0
1 279 1708 0
1 279 1704 0
1 279 1709 0
1 279 1698 0
1 279 1692 0
1 279 1710 0
1 279 1713 0
1 279 1712 0
1 279 1705 0
1 279 1700 0
1 279 1703 0
1 279 1702 0
1 279 1716 0
1 279 1718 0
1 279 1697 0
1 279 1695 0
1 279 1693 0
1 279 1707 0
1 279 1715 0
1 279 1720 0
1 279 1717 0
1 279 1691 0
1 279 1699 0
1 279 1706 0
1 279 1701 0
1 279 1719 0
1 279 1694 0
1 279 1696 0
1 280 1736 0
1 280 1731 0
1 280 1721 0
1 280 1734 0
1 280 1727 0
1 280 1732 0
1 280 1741 0
1 280 1743 0
1 280 1742 0
1 280 1733 0
1 280 1738 0
1 280 1740 0
1 280 1737 0
1 280 1728 0
1 280 1726 0
1 280 1730 0
1 280 1729 0
1 280 1735 0
1 280 1724 0
1 280 1722 0
1 280 1723 0
1 280 1725 0
1 280 1739 0
1 281 1751 0
1 281 1746 0
1 281 1754 0
1 281 1759 0
1 281 1756 0
1 281 1747 0
1 281 1748 0
1 281 1744 0
1 281 1775 0
1 281 1777 0
1 281 1778 0
1 281 1745 0
1 281 1764 0
1 281 1767 0
1 281 1765 0
1 281 1779 0
1 281 1776 0
1 281 1755 0
1 281 1758 0
1 281 1761 0
1 281 1774 0
1 281 1771 0
1 281 1772 0
1 281 1769 0
1 281 1749 0
1 281 1773 0
1 281 1768 0
1 281 1770 0
1 281 1757 0
1 281 1766 0
1 281 1760 0
1 281 1762 0
1 281 1750 0
1 281 1752 0
1 281 1763 0
1 281 1753 0
2 6 2509 18
2 6 2507 19
2 6 2505 17
2 6 2518 14
2 6 2504 23
2 6 2506 18
2 6 2508 18
2 6 2515 24
2 6 2512 17
2 6 2511 20
2 6 2510 17
2 6 2503 20
2 6 2513 17
2 6 2517 17
2 6 2514 25
2 6 2516 15
2 7 2543 15
2 7 2542 17
2 7 2541 25
2 7 2536 31
2 7 2531 22
2 7 2523 14
2 7 2522 13
2 7 2521 17
2 7 2519 19
2 7 2520 17
2 7 2530 24
2 7 2529 24
2 7 2535 32
2 7 2540 21
2 7 2533 20
2 7 2534 25
2 7 2538 26
2 7 2539 34
2 7 2524 22
2 7 2526 25
2 7 2537 22
2 7 2525 22
2 7 2532 18
2 7 2527 27
2 7 2528 30
2 8 2550 16
2 8 2546 18
2 8 2551 20
2 8 2547 14
2 8 2545 17
2 8 2553 15
2 8 2548 17
2 8 2557 13
2 8 2561 12
2 8 2555 14
2 8 2552 20
2 8 2556 15
2 8 2554 19
2 8 2544 19
2 8 2558 11
2 8 2560 16
2 8 2549 17
2 8 2559 12
2 9 2562 21
2 9 2563 22
2 9 2564 22
2 9 2572 20
2 9 2571 19
2 9 2574 16
2 9 2570 22
2 9 2569 18
2 9 2567 16
2 9 2575 19
2 9 2577 20
2 9 2565 22
2 9 2566 16
2 9 2576 22
2 9 2579 22
2 9 2580 21
2 9 2568 17
2 9 2573 21
2 9 2578 22
2 49 3729 13
2 49 3730 11
2 49 3717 13
2 49 3728 22
2 49 3721 15
2 49 3722 15
2 49 3723 14
2 49 3724 11
2 49 3718 12
2 49 3720 16
2 49 3719 13
2 49 3727 11
2 49 3725 12
2 49 3726 18
2 49 3743 29
2 49 3740 15
2 49 3746 22
2 49 3742 14
2 49 3745 15
2 49 3733 20
2 49 3732 16
2 49 3736 17
2 49 3737 20
2 49 3731 13
2 49 3734 14
2 49 3738 13
2 49 3741 16
2 49 3744 14
2 49 3735 12
2 49 3739 12
2 49 3770 17
2 49 3771 16
2 49 3763 13
2 49 3762 23
2 49 3759 12
2 49 3766 15
2 49 3778 20
2 49 3765 25
2 49 3764 14
2 49 3769 14
2 49 3767 13
2 49 3775 15
2 49 3773 16
2 49 3776 22
2 49 3774 17
2 49 3777 14
2 49 3779 12
2 49 3772 12
2 49 3760 13
2 49 3761 13
2 49 3768 10
2 50 3700 19
2 50 3704 13
2 50 3705 15
2 50 3710 14
2 50 3708 19
2 50 3712 16
2 50 3711 13
2 50 3709 21
2 50 3713 17
2 50 3715 17
2 50 3716 19
2 50 3707 14
2 50 3706 14
2 50 3714 14
2 50 3701 12
2 50 3703 22
2 50 3702 15
2 50 3748 11
2 50 3751 19
2 50 3755 16
2 50 3754 11
2 50 3752 15
2 50 3758 14
2 50 3753 20
2 50 3750 14
2 50 3747 17
2 50 3749 12
2 50 3756 11
2 50 3757 12
2 50 3782 11
2 50 3781 13
2 50 3790 18
2 50 3791 12
2 50 3783 20
2 50 3780 20
2 50 3789 22
2 50 3788 20
2 50 3784 19
2 50 3797 13
2 50 3787 12
2 50 3785 18
2 50 3786 13
2 50 3796 13
2 50 3795 12
2 50 3794 13
2 50 3792 14
2 50 3793 14
2 66 3877 141
2 66 3873 152
2 66 3872 126
2 66 3876 145
2 66 3881 128
2 66 3882 120
2 66 3874 165
2 66 3875 119
2 66 3880 140
2 66 3879 156
2 66 3878 164
2 66 3871 200
2 67 3892 164
2 67 3890 171
2 67 3889 198
2 67 3883 164
2 67 3884 147
2 67 3885 194
2 67 3886 170
2 67 3888 199
2 67 3887 172
2 67 3891 178
2 68 3895 115
2 68 3897 121
2 68 3901 158
2 68 3903 155
2 68 3896 167
2 68 3894 108
2 68 3900 117
2 68 3898 133
2 68 3902 156
2 68 3904 112
2 68 3905 174
2 68 3899 140
2 68 3893 97
2 69 3909 300
2 69 3912 223
2 69 3913 254
2 69 3907 138
2 69 3908 255
2 69 3906 132
2 69 3911 199
2 69 3910 254
2 70 3914 209
2 70 3919 327
2 70 3918 182
2 70 3920 255
2 70 3917 331
2 70 3915 206
2 70 3916 247
2 71 3931 135
2 71 3928 91
2 71 3923 148
2 71 3930 121
2 71 3933 135
2 71 3927 88
2 71 3925 133
2 71 3924 143
2 71 3926 146
2 71 3929 104
2 71 3921 107
2 71 3934 129
2 71 3922 140
2 71 3932 135
2 150 5066 299
2 150 5070 177
2 150 5064 261
2 150 5072 149
2 150 5071 177
2 150 6739 300
2 150 5073 263
2 150 5074 176
2 150 5069 184
2 150 5068 200
2 150 5067 268
2 150 5065 175
2 151 5088 227
2 151 5082 234
2 151 5076 137
2 151 5085 173
2 151 5087 186
2 151 5083 166
2 151 5080 177
2 151 5084 218
2 151 5086 212
2 151 5077 206
2 151 5078 201
2 151 5075 124
2 151 5081 181
2 151 5079 185
2 152 5096 340
2 152 5094 335
2 152 5097 299
2 152 5089 260
2 152 5091 226
2 152 5095 271
2 152 5093 279
2 152 5092 236
2 152 5090 383
2 153 5099 370
2 153 5105 271
2 153 5103 416
2 153 5102 175
2 153 5101 400
2 153 5104 237
2 153 5106 199
2 153 5098 354
2 153 5100 207
2 154 5110 94
2 154 5109 131
2 154 5107 179
2 154 5117 135
2 154 5118 161
2 154 5121 195
2 154 5123 209
2 154 5111 103
2 154 5113 108
2 154 5112 145
2 154 5114 106
2 154 5120 249
2 154 5119 108
2 154 5122 106
2 154 5108 111
2 154 6729 218
2 154 5116 147
2 154 5115 122
2 155 5131 278
2 155 5129 198
2 155 5132 196
2 155 5135 205
2 155 5136 268
2 155 5133 291
2 155 5124 154
2 155 5125 156
2 155 5126 176
2 155 5127 142
2 155 5128 172
2 155 5134 242
2 155 5130 149
2 156 5149 197
2 156 5144 120
2 156 5143 188
2 156 5145 189
2 156 5142 145
2 156 5147 129
2 156 5151 135
2 156 5152 169
2 156 5140 122
2 156 5138 126
2 156 5139 163
2 156 5141 111
2 156 5146 117
2 156 5148 238
2 156 5137 115
2 156 5153 204
2 156 5150 156
2 157 5154 319
2 157 5159 254
2 157 5160 395
2 157 5158 319
2 157 5157 257
2 157 5161 372
2 157 5156 374
2 157 5155 339
2 158 5165 332
2 158 5162 296
2 158 5167 236
2 158 5168 290
2 158 5163 390
2 158 6742 459
2 158 5164 403
2 158 5166 226
2 159 5176 161
2 159 5172 173
2 159 5175 128
2 159 5171 142
2 159 5174 139
2 159 5173 135
2 159 5170 144
2 159 5182 121
2 159 5183 151
2 159 5180 177
2 159 5181 181
2 159 5169 127
2 159 5184 183
2 159 5179 197
2 159 5178 141
2 159 5177 173
2 159 5185 151
2 160 5194 135
2 160 5195 202
2 160 5197 186
2 160 5188 167
2 160 5193 146
2 160 5189 214
2 160 5192 221
2 160 5198 150
2 160 5199 166
2 160 5186 200
2 160 5191 191
2 160 5187 175
2 160 5190 154
2 160 5196 147
2 160 5200 173
2 161 5211 224
2 161 5210 179
2 161 5213 184
2 161 5206 160
2 161 5207 218
2 161 5212 215
2 161 5205 176
2 161 5208 202
2 161 5209 150
2 161 5204 242
2 161 5214 199
2 161 5201 188
2 161 5203 149
2 161 5202 141
2 258 954 0
2 258 956 0
2 258 952 0
2 258 965 0
2 258 960 0
2 258 958 0
2 258 955 0
2 258 982 0
2 258 957 0
2 258 964 0
2 258 953 0
2 258 970 0
2 258 961 0
2 258 973 0
2 258 980 0
2 258 978 0
2 258 968 0
2 258 962 0
2 258 967 0
2 258 974 0
2 258 977 0
2 258 972 0
2 258 969 0
2 258 971 0
2 258 963 0
2 258 976 0
2 258 984 0
2 258 983 0
2 258 966 0
2 258 959 0
2 258 979 0
2 258 981 0
2 258 985 0
2 258 975 0
2 258 986 0
2 259 1007 0
2 259 1003 0
2 259 996 0
2 259 995 0
2 259 993 0
2 259 994 0
2 259 991 0
2 259 992 0
2 259 1009 0
2 259 1008 0
2 259 1010 0
2 259 990 0
2 259 1005 0
2 259 1006 0
2 259 1002 0
2 259 1004 0
2 259 1001 0
2 259 1000 0
2 259 998 0
2 259 987 0
2 259 989 0
2 259 988 0
2 259 997 0
2 259 999 0
2 259 1011 0
2 259 1012 0
2 260 1031 0
2 260 1027 0
2 260 1029 0
2 260 1060 0
2 260 1057 0
2 260 1056 0
2 260 1046 0
2 260 1048 0
2 260 1051 0
2 260 1058 0
2 260 1059 0
2 260 1023 0
2 260 1025 0
2 260 1024 0
2 260 1013 0
2 260 1014 0
2 260 1016 0
2 260 1026 0
2 260 1053 0
2 260 1043 0
2 260 1050 0
2 260 1054 0
2 260 1049 0
2 260 6760 0
2 260 6770 0
2 260 6772 0
2 260 1015 0
2 260 6773 0
2 260 1020 0
2 260 6771 0
2 260 1038 0
2 260 1042 0
2 260 1018 0
2 260 1052 0
2 260 1039 0
2 260 1041 0
2 260 1030 0
2 260 1032 0
2 260 1036 0
2 260 1021 0
2 260 6774 0
2 260 1028 0
2 260 1040 0
2 260 1019 0
2 260 1033 0
2 260 1034 0
2 260 1017 0
2 260 1022 0
2 260 1055 0
2 260 1047 0
2 260 1044 0
2 260 1035 0
2 260 1061 0
2 260 1037 0
2 260 1045 0
2 260 1062 0
2 260 6775 0
2 261 1085 0
2 261 1089 0
2 261 1084 0
2 261 1077 0
2 261 1079 0
2 261 1088 0
2 261 1072 0
2 261 1087 0
2 261 1076 0
2 261 1078 0
2 261 1063 0
2 261 1067 0
2 261 1065 0
2 261 1093 0
2 261 1092 0
2 261 1091 0
2 261 1094 0
2 261 1090 0
2 261 1086 0
2 261 1080 0
2 261 1066 0
2 261 1070 0
2 261 1071 0
2 261 1075 0
2 261 1082 0
2 261 1068 0
2 261 1083 0
2 261 1073 0
2 261 1069 0
2 261 1081 0
2 261 6718 0
2 261 1064 0
2 261 1074 0
2 262 1110 0
2 262 1106 0
2 262 1105 0
2 262 1109 0
2 262 1104 0
2 262 1111 0
2 262 1099 0
2 262 1103 0
2 262 1100 0
2 262 1112 0
2 262 1114 0
2 262 1113 0
2 262 1095 0
2 262 1096 0
2 262 1097 0
2 262 1115 0
2 262 1116 0
2 262 1119 0
2 262 1118 0
2 262 1117 0
2 262 1108 0
2 262 1107 0
2 262 1101 0
2 262 1102 0
2 262 1098 0
2 263 1145 0
2 263 1146 0
2 263 1141 0
2 263 1135 0
2 263 1149 0
2 263 1140 0
2 263 1137 0
2 263 1136 0
2 263 1134 0
2 263 1139 0
2 263 1148 0
2 263 1129 0
2 263 1130 0
2 263 1142 0
2 263 1143 0
2 263 1123 0
2 263 1120 0
2 263 1147 0
2 263 1131 0
2 263 1127 0
2 263 1124 0
2 263 1125 0
2 263 1128 0
2 263 1133 0
2 263 1121 0
2 263 1122 0
2 263 1132 0
2 263 1126 0
2 263 1144 0
2 263 1138 0
2 264 1154 0
2 264 1158 0
2 264 1161 0
2 264 1153 0
2 264 1163 0
2 264 1175 0
2 264 1167 0
2 264 1165 0
2 264 1172 0
2 264 1177 0
2 264 1174 0
2 264 1171 0
2 264 1179 0
2 264 1183 0
2 264 1188 0
2 264 1190 0
2 264 1176 0
2 264 1182 0
2 264 1186 0
2 264 1184 0
2 264 1170 0
2 264 1168 0
2 264 1173 0
2 264 1187 0
2 264 1180 0
2 264 1189 0
2 264 1185 0
2 264 1160 0
2 264 1162 0
2 264 1157 0
2 264 1155 0
2 264 1152 0
2 264 1164 0
2 264 1169 0
2 264 1166 0
2 264 1150 0
2 264 1151 0
2 264 1159 0
2 264 1178 0
2 264 1156 0
2 264 1191 0
2 264 1181 0
2 265 1195 0
2 265 1197 0
2 265 1193 0
2 265 1198 0
2 265 1204 0
2 265 1196 0
2 265 1210 0
2 265 1205 0
2 265 1217 0
2 265 1212 0
2 265 1216 0
2 265 1220 0
2 265 1215 0
2 265 1201 0
2 265 1203 0
2 265 1202 0
2 265 1209 0
2 265 1208 0
2 265 1207 0
2 265 1206 0
2 265 1213 0
2 265 1218 0
2 265 1219 0
2 265 1211 0
2 265 1221 0
2 265 1214 0
2 265 1192 0
2 265 1194 0
2 265 1199 0
2 265 1200 0
2 266 1246 0
2 266 1245 0
2 266 1248 0
2 266 1247 0
2 266 1240 0
2 266 1244 0
2 266 1241 0
2 266 1242 0
2 266 1235 0
2 266 1236 0
2 266 1239 0
2 266 1238 0
2 266 1222 0
2 266 1225 0
2 266 1223 0
2 266 1231 0
2 266 1228 0
2 266 1226 0
2 266 1249 0
2 266 1232 0
2 266 1224 0
2 266 1233 0
2 266 1237 0
2 266 1227 0
2 266 1229 0
2 266 1234 0
2 266 1230 0
2 266 1243 0
2 267 1275 0
2 267 1273 0
2 267 1284 0
2 267 1285 0
2 267 1287 0
2 267 1253 0
2 267 1251 0
2 267 1256 0
2 267 1266 0
2 267 1272 0
2 267 1283 0
2 267 1280 0
2 267 1278 0
2 267 1254 0
2 267 1252 0
2 267 1257 0
2 267 1281 0
2 267 1265 0
2 267 1262 0
2 267 1268 0
2 267 1276 0
2 267 1271 0
2 267 1274 0
2 267 1286 0
2 267 1289 0
2 267 1261 0
2 267 1258 0
2 267 1250 0
2 267 1282 0
2 267 1279 0
2 267 1288 0
2 267 1264 0
2 267 1263 0
2 267 1259 0
2 267 1260 0
2 267 1267 0
2 267 1255 0
2 267 1277 0
2 267 1270 0
2 267 1269 0
2 268 1295 0
2 268 1292 0
2 268 1294 0
2 268 1307 0
2 268 1306 0
2 268 1308 0
2 268 1309 0
2 268 1299 0
2 268 1290 0
2 268 1301 0
2 268 1297 0
2 268 1293 0
2 268 1291 0
2 268 1296 0
2 268 1298 0
2 268 1300 0
2 268 1305 0
2 268 1303 0
2 268 1304 0
2 268 1302 0
2 269 1345 0
2 269 1352 0
2 269 6790 0
2 269 1340 0
2 269 6789 0
2 269 1356 0
2 269 1360 0
2 269 1361 0
2 269 1351 0
2 269 1357 0
2 269 1364 0
2 269 1355 0
2 269 1363 0
2 269 1362 0
2 269 1327 0
2 269 1324 0
2 269 1328 0
2 269 1333 0
2 269 1350 0
2 269 1347 0
2 269 1346 0
2 269 1332 0
2 269 1335 0
2 269 1338 0
2 269 1341 0
2 269 1334 0
2 269 1342 0
2 269 1344 0
2 269 1349 0
2 269 1319 0
2 269 1320 0
2 269 1325 0
2 269 1329 0
2 269 1317 0
2 269 1321 0
2 269 1318 0
2 269 1322 0
2 269 1330 0
2 269 1358 0
2 269 1326 0
2 269 6791 0
2 269 1310 0
2 269 1311 0
2 269 1314 0
2 269 1313 0
2 269 1316 0
2 269 1337 0
2 269 1339 0
2 269 1323 0
2 269 1331 0
2 269 1353 0
2 269 1348 0
2 269 1336 0
2 269 1343 0
2 269 1366 0
2 269 1365 0
2 269 1367 0
2 269 1312 0
2 269 1315 0
2 269 1354 0
2 269 1359 0
2 270 1369 0
2 270 1370 0
2 270 1375 0
2 270 1384 0
2 270 1378 0
2 270 1385 0
2 270 1376 0
2 270 1383 0
2 270 1379 0
2 270 1386 0
2 270 1373 0
2 270 1372 0
2 270 1387 0
2 270 1381 0
2 270 1371 0
2 270 1382 0
2 270 1380 0
2 270 1377 0
2 270 1368 0
2 270 1390 0
2 270 1388 0
2 270 1389 0
2 270 1374 0
2 271 1402 0
2 271 1401 0
2 271 1400 0
2 271 1397 0
2 271 1399 0
2 271 1418 0
2 271 1412 0
2 271 1393 0
2 271 1394 0
2 271 1391 0
2 271 1392 0
2 271 1420 0
2 271 1422 0
2 271 1427 0
2 271 1428 0
2 271 1426 0
2 271 1414 0
2 271 1421 0
2 271 1423 0
2 271 1405 0
2 271 1403 0
2 271 1404 0
2 271 1398 0
2 271 1424 0
2 271 1425 0
2 271 1415 0
2 271 1411 0
2 271 1416 0
2 271 1417 0
2 271 1419 0
2 271 1396 0
2 271 1395 0
2 271 1407 0
2 271 1409 0
2 271 1410 0
2 271 1406 0
2 271 1413 0
2 271 1408 0
2 272 1459 0
2 272 1463 0
2 272 1460 0
2 272 1439 0
2 272 1443 0
2 272 1447 0
2 272 1438 0
2 272 1444 0
2 272 1449 0
2 272 1464 0
2 272 1467 0
2 272 1466 0
2 272 1469 0
2 272 1448 0
2 272 1452 0
2 272 1470 0
2 272 1457 0
2 272 1455 0
2 272 1450 0
2 272 1468 0
2 272 1465 0
2 272 1462 0
2 272 1442 0
2 272 1454 0
2 272 1441 0
2 272 1434 0
2 272 1437 0
2 272 1440 0
2 272 1435 0
2 272 1432 0
2 272 1433 0
2 272 1430 0
2 272 1445 0
2 272 1429 0
2 272 1453 0
2 272 1458 0
2 272 1456 0
2 272 1451 0
2 272 1436 0
2 272 1461 0
2 272 1446 0
2 272 1431 0
3 10 2598 12
3 10 2595 13
3 10 2605 11
3 10 2585 7
3 10 2592 10
3 10 2608 11
3 10 2607 12
3 10 2599 11
3 10 2581 22
3 10 2584 13
3 10 2582 12
3 10 2594 12
3 10 2603 9
3 10 2606 12
3 10 2596 10
3 10 2602 11
3 10 2593 10
3 10 2600 13
3 10 2587 9
3 10 2591 10
3 10 2590 12
3 10 2586 11
3 10 2589 10
3 10 2597 12
3 10 2601 11
3 10 2604 13
3 10 2609 14
3 10 2611 14
3 10 2610 13
3 10 2588 16
3 10 2583 12
3 10 6671 11
3 11 2623 8
3 11 2630 13
3 11 2624 11
3 11 2634 10
3 11 2612 14
3 11 2613 11
3 11 2614 12
3 11 2615 8
3 11 2616 8
3 11 2617 8
3 11 2633 10
3 11 2635 9
3 11 2632 9
3 11 2641 20
3 11 2618 12
3 11 6750 9
3 11 6749 11
3 11 2620 10
3 11 2646 11
3 11 2649 13
3 11 2650 14
3 11 2647 9
3 11 2643 11
3 11 2645 9
3 11 6672 12
3 11 2636 12
3 11 2628 12
3 11 2631 10
3 11 2642 12
3 11 2640 11
3 11 2629 15
3 11 2627 9
3 11 2622 12
3 11 2621 17
3 11 2619 13
3 11 2626 14
3 11 2651 10
3 11 2648 13
3 11 2644 11
3 11 2639 11
3 11 2637 11
3 11 2638 11
3 11 2625 12
3 12 2669 4
3 12 2668 4
3 12 2665 4
3 12 2661 4
3 12 2657 4
3 12 2653 4
3 12 2655 4
3 12 2660 4
3 12 2664 5
3 12 2671 5
3 12 2662 4
3 12 2663 5
3 12 2673 6
3 12 2652 8
3 12 2658 6
3 12 2659 4
3 12 2667 7
3 12 2672 7
3 12 2656 6
3 12 2670 5
3 12 2666 4
3 12 2674 6
3 12 2654 6
3 13 2689 16
3 13 2691 11
3 13 2692 16
3 13 2694 14
3 13 2680 15
3 13 2697 13
3 13 2675 21
3 13 2693 12
3 13 2678 13
3 13 2685 18
3 13 2687 12
3 13 2690 11
3 13 2686 11
3 13 2679 16
3 13 2677 12
3 13 2682 17
3 13 2681 14
3 13 2683 12
3 13 2676 11
3 13 2684 11
3 13 2688 12
3 13 2696 13
3 13 2695 10
3 14 2709 12
3 14 2721 10
3 14 2706 10
3 14 2704 10
3 14 2707 13
3 14 2717 8
3 14 2719 11
3 14 2718 9
3 14 2716 15
3 14 2720 11
3 14 2710 16
3 14 2699 7
3 14 2700 7
3 14 2711 10
3 14 2705 11
3 14 2712 13
3 14 2714 11
3 14 2713 11
3 14 2702 8
3 14 2701 7
3 14 2708 7
3 14 2703 10
3 14 2698 8
3 14 2715 11
3 190 5622 150
3 190 5621 115
3 190 5618 80
3 190 5615 113
3 190 5616 76
3 190 5617 120
3 190 5619 102
3 190 5620 104
3 191 5628 64
3 191 5625 62
3 191 5623 72
3 191 5632 87
3 191 5624 81
3 191 5633 63
3 191 5629 66
3 191 5627 71
3 191 5626 127
3 191 5631 84
3 191 5630 82
3 192 5643 49
3 192 5641 36
3 192 5640 38
3 192 5636 35
3 192 5638 34
3 192 5646 48
3 192 5647 50
3 192 5653 57
3 192 5648 52
3 192 5652 41
3 192 5650 45
3 192 5634 29
3 192 5642 37
3 192 5645 32
3 192 5651 31
3 192 5639 32
3 192 5649 49
3 192 5644 40
3 192 5654 31
3 192 5637 56
3 192 5635 32
3 193 5659 97
3 193 5655 123
3 193 5660 139
3 193 5657 99
3 193 5658 267
3 193 5656 135
3 194 5665 152
3 194 5663 107
3 194 5661 102
3 194 5664 109
3 194 6728 224
3 194 5662 168
3 195 5671 62
3 195 5675 63
3 195 5676 59
3 195 5673 64
3 195 5667 52
3 195 5678 50
3 195 5677 59
3 195 5669 66
3 195 5674 72
3 195 5679 92
3 195 5668 49
3 195 5666 54
3 195 5670 72
3 195 5672 44
3 196 5681 90
3 196 5682 92
3 196 5684 127
3 196 5686 81
3 196 5685 62
3 196 5687 83
3 196 5689 83
3 196 5688 70
3 196 5683 100
3 196 5680 72
3 273 1485 0
3 273 1488 0
3 273 1477 0
3 273 1476 0
3 273 1473 0
3 273 1487 0
3 273 1479 0
3 273 1483 0
3 273 1478 0
3 273 1481 0
3 273 1490 0
3 273 1475 0
3 273 1474 0
3 273 1495 0
3 273 1492 0
3 273 1484 0
3 273 1489 0
3 273 1482 0
3 273 1499 0
3 273 1500 0
3 273 1498 0
3 273 1480 0
3 273 1486 0
3 273 1497 0
3 273 1494 0
3 273 1471 0
3 273 1472 0
3 273 1493 0
3 273 1496 0
3 273 1491 0
3 274 1505 0
3 274 1509 0
3 274 1514 0
3 274 1511 0
3 274 1517 0
3 274 1502 0
3 274 1528 0
3 274 1529 0
3 274 1523 0
3 274 1510 0
3 274 1513 0
3 274 1512 0
3 274 1524 0
3 274 1527 0
3 274 1525 0
3 274 1522 0
3 274 1532 0
3 274 1535 0
3 274 1534 0
3 274 1533 0
3 274 1508 0
3 274 1506 0
3 274 1518 0
3 274 1515 0
3 274 1530 0
3 274 1531 0
3 274 1520 0
3 274 1516 0
3 274 1521 0
3 274 1537 0
3 274 1536 0
3 274 1526 0
3 274 1538 0
3 274 1539 0
3 274 1507 0
3 274 1504 0
3 274 1501 0
3 274 1503 0
3 274 1519 0
3 275 1571 0
3 275 1568 0
3 275 1569 0
3 275 1570 0
3 275 1566 0
3 275 1565 0
3 275 1564 0
3 275 1562 0
3 275 1556 0
3 275 1558 0
3 275 1557 0
3 275 1561 0
3 275 1551 0
3 275 1540 0
3 275 1546 0
3 275 1560 0
3 275 1555 0
3 275 1549 0
3 275 1552 0
3 275 1548 0
3 275 1553 0
3 275 1554 0
3 275 1550 0
3 275 1572 0
3 275 1559 0
3 275 1547 0
3 275 1543 0
3 275 1545 0
3 275 1544 0
3 275 1567 0
3 275 1542 0
3 275 1563 0
3 275 1541 0
3 276 1626 0
3 276 1633 0
3 276 1631 0
3 276 1635 0
3 276 6727 0
3 276 1629 0
3 276 1582 0
3 276 1586 0
3 276 1579 0
3 276 1585 0
3 276 1602 0
3 276 1605 0
3 276 1607 0
3 276 1592 0
3 276 1591 0
3 276 1594 0
3 276 6726 0
3 276 1599 0
3 276 1576 0
3 276 1577 0
3 276 1575 0
3 276 1603 0
3 276 1606 0
3 276 1590 0
3 276 1637 0
3 276 1634 0
3 276 1616 0
3 276 1624 0
3 276 1587 0
3 276 1604 0
3 276 1610 0
3 276 1601 0
3 276 1613 0
3 276 1618 0
3 276 1614 0
3 276 1622 0
3 276 1623 0
3 276 1620 0
3 276 1588 0
3 276 1593 0
3 276 1589 0
3 276 1597 0
3 276 1621 0
3 276 1627 0
3 276 1608 0
3 276 1632 0
3 276 6661 0
3 276 1625 0
3 276 1628 0
3 276 1630 0
3 276 1615 0
3 276 1619 0
3 276 1583 0
3 276 1578 0
3 276 1600 0
3 276 1598 0
3 276 6702 0
3 276 6701 0
3 276 1636 0
3 276 1584 0
3 276 1581 0
3 276 1612 0
3 276 1617 0
3 276 1611 0
3 276 1609 0
3 276 1595 0
3 276 1580 0
3 276 1574 0
3 276 1573 0
3 276 1596 0
3 289 2135 0
3 289 2138 0
3 289 2140 0
3 289 2144 0
3 289 2137 0
3 289 2132 0
3 289 2153 0
3 289 2146 0
3 289 2150 0
3 289 2154 0
3 289 2168 0
3 289 2161 0
3 289 2167 0
3 289 2174 0
3 289 2175 0
3 289 2164 0
3 289 2160 0
3 289 2162 0
3 289 2169 0
3 289 2123 0
3 289 2126 0
3 289 2149 0
3 289 2148 0
3 289 2163 0
3 289 2171 0
3 289 2172 0
3 289 2177 0
3 289 2158 0
3 289 2156 0
3 289 2152 0
3 289 2151 0
3 289 2139 0
3 289 2141 0
3 289 2124 0
3 289 2130 0
3 289 2128 0
3 289 2131 0
3 289 2133 0
3 289 2134 0
3 289 2129 0
3 289 2136 0
3 289 2173 0
3 289 2170 0
3 289 2178 0
3 289 2181 0
3 289 2182 0
3 289 2180 0
3 289 2127 0
3 289 2125 0
3 289 2143 0
3 289 2142 0
3 289 2147 0
3 289 2165 0
3 289 2155 0
3 289 2159 0
3 289 2179 0
3 289 2157 0
3 289 2166 0
3 289 2176 0
3 289 2145 0
3 289 2183 0
3 290 2202 0
3 290 2198 0
3 290 2187 0
3 290 2205 0
3 290 2208 0
3 290 2207 0
3 290 2209 0
3 290 2194 0
3 290 2184 0
3 290 2188 0
3 290 2185 0
3 290 2190 0
3 290 2203 0
3 290 2193 0
3 290 2192 0
3 290 2186 0
3 290 2191 0
3 290 2189 0
3 290 2206 0
3 290 2210 0
3 290 2195 0
3 290 2204 0
3 290 2199 0
3 290 2200 0
3 290 2196 0
3 290 2201 0
3 290 2197 0
3 291 2252 0
3 291 2254 0
3 291 2250 0
3 291 2217 0
3 291 2220 0
3 291 2223 0
3 291 2224 0
3 291 2216 0
3 291 2222 0
3 291 2226 0
3 291 2237 0
3 291 2239 0
3 291 2241 0
3 291 2232 0
3 291 2211 0
3 291 2212 0
3 291 2215 0
3 291 2218 0
3 291 2213 0
3 291 2262 0
3 291 2255 0
3 291 2259 0
3 291 2257 0
3 291 2260 0
3 291 2253 0
3 291 2247 0
3 291 2245 0
3 291 2242 0
3 291 2235 0
3 291 2267 0
3 291 2264 0
3 291 2266 0
3 291 2227 0
3 291 2228 0
3 291 2233 0
3 291 2229 0
3 291 2230 0
3 291 2248 0
3 291 2246 0
3 291 2251 0
3 291 2221 0
3 291 2225 0
3 291 2263 0
3 291 2265 0
3 291 2269 0
3 291 2268 0
3 291 2261 0
3 291 2256 0
3 291 2240 0
3 291 2243 0
3 291 2236 0
3 291 2231 0
3 291 2258 0
3 291 2249 0
3 291 2244 0
3 291 2214 0
3 291 2219 0
3 291 2234 0
3 291 2238 0
3 292 2280 0
3 292 2278 0
3 292 2279 0
3 292 2283 0
3 292 2277 0
3 292 2324 0
3 292 2332 0
3 292 2336 0
3 292 2352 0
3 292 2353 0
3 292 2298 0
3 292 2291 0
3 292 2367 0
3 292 2354 0
3 292 2355 0
3 292 2350 0
3 292 2323 0
3 292 2317 0
3 292 2312 0
3 292 2316 0
3 292 2329 0
3 292 2325 0
3 292 2326 0
3 292 2330 0
3 292 2305 0
3 292 2302 0
3 292 2309 0
3 292 2347 0
3 292 2349 0
3 292 2346 0
3 292 2282 0
3 292 2285 0
3 292 2286 0
3 292 2288 0
3 292 2342 0
3 292 2339 0
3 292 2351 0
3 292 2322 0
3 292 2338 0
3 292 2334 0
3 292 2313 0
3 292 2307 0
3 292 2314 0
3 292 2318 0
3 292 6719 0
3 292 2319 0
3 292 2310 0
3 292 2295 0
3 292 2290 0
3 292 2296 0
3 292 6734 0
3 292 2356 0
3 292 2358 0
3 292 2321 0
3 292 2301 0
3 292 2311 0
3 292 2369 0
3 292 2365 0
3 292 2363 0
3 292 2364 0
3 292 2292 0
3 292 2294 0
3 292 2293 0
3 292 2300 0
3 292 2299 0
3 292 2359 0
3 292 2360 0
3 292 2357 0
3 292 2368 0
3 292 2370 0
3 292 2372 0
3 292 2371 0
3 292 2366 0
3 292 2284 0
3 292 2287 0
3 292 2281 0
3 292 2275 0
3 292 2276 0
3 292 2273 0
3 292 2272 0
3 292 2306 0
3 292 2327 0
3 292 2331 0
3 292 2341 0
3 292 2344 0
3 292 2333 0
3 292 2337 0
3 292 2340 0
3 292 2335 0
3 292 2361 0
3 292 2362 0
3 292 2304 0
3 292 2289 0
3 292 2315 0
3 292 2303 0
3 292 2320 0
3 292 2328 0
3 292 6710 0
3 292 2274 0
3 292 2271 0
3 292 2270 0
3 292 2308 0
3 292 2297 0
3 292 2348 0
3 292 2345 0
3 292 2343 0
3 292 6733 0
3 293 2373 0
3 293 2375 0
3 293 2377 0
3 293 2374 0
3 293 2376 0
3 293 2385 0
3 293 2406 0
3 293 2404 0
3 293 2412 0
3 293 2396 0
3 293 2399 0
3 293 2411 0
3 293 2414 0
3 293 2403 0
3 293 2401 0
3 293 2383 0
3 293 2382 0
3 293 2388 0
3 293 2393 0
3 293 2397 0
3 293 2384 0
3 293 2390 0
3 293 2387 0
3 293 2395 0
3 293 2413 0
3 293 2416 0
3 293 2415 0
3 293 2417 0
3 293 2389 0
3 293 2379 0
3 293 2378 0
3 293 2380 0
3 293 2381 0
3 293 2394 0
3 293 2386 0
3 293 2398 0
3 293 2402 0
3 293 2400 0
3 293 2392 0
3 293 2391 0
3 293 2408 0
3 293 2409 0
3 293 2407 0
3 293 2410 0
3 293 2405 0
4 15 2734 22
4 15 2738 13
4 15 2741 15
4 15 2723 13
4 15 2722 10
4 15 2747 21
4 15 2745 13
4 15 2746 17
4 15 2737 19
4 15 2739 20
4 15 2748 11
4 15 2743 11
4 15 2749 13
4 15 2733 15
4 15 2727 13
4 15 2751 15
4 15 2752 12
4 15 2726 12
4 15 2729 14
4 15 2725 10
4 15 2728 14
4 15 2742 17
4 15 2740 12
4 15 2730 15
4 15 2732 11
4 15 2736 15
4 15 2744 15
4 15 2724 17
4 15 2750 17
4 15 2731 9
4 15 2735 12
4 16 2755 19
4 16 2760 19
4 16 2780 11
4 16 2782 13
4 16 2756 17
4 16 2753 11
4 16 2759 14
4 16 2758 16
4 16 2778 14
4 16 2777 14
4 16 2775 12
4 16 6708 23
4 16 2779 21
4 16 6709 18
4 16 2763 14
4 16 2767 24
4 16 2769 19
4 16 2771 17
4 16 2774 14
4 16 2784 14
4 16 2783 13
4 16 2766 14
4 16 6675 15
4 16 6673 17
4 16 2761 25
4 16 2765 13
4 16 2781 12
4 16 2762 16
4 16 6677 14
4 16 2764 14
4 16 2770 12
4 16 2754 13
4 16 2757 11
4 16 2772 19
4 16 2768 20
4 16 2776 23
4 16 2773 25
4 17 2789 4
4 17 2785 3
4 17 2788 3
4 17 2786 3
4 17 2787 3
4 18 2810 18
4 18 2806 13
4 18 2801 13
4 18 2799 14
4 18 2796 12
4 18 2797 12
4 18 2800 14
4 18 2805 10
4 18 6692 11
4 18 2794 14
4 18 2802 9
4 18 2813 8
4 18 2808 9
4 18 6763 11
4 18 6762 16
4 18 2791 11
4 18 2793 12
4 18 2792 11
4 18 2790 8
4 18 2822 13
4 18 2821 9
4 18 2824 8
4 18 2823 9
4 18 2812 12
4 18 2817 15
4 18 2819 16
4 18 2807 14
4 18 2803 12
4 18 2804 11
4 18 2798 11
4 18 2816 12
4 18 2814 23
4 18 2811 19
4 18 2809 11
4 18 2795 12
4 18 2820 16
4 18 2818 12
4 18 2815 10
4 72 3937 69
4 72 3935 59
4 72 3941 58
4 72 3936 51
4 72 3943 72
4 72 3944 69
4 72 3945 71
4 72 3939 78
4 72 3942 91
4 72 3949 74
4 72 3940 64
4 72 3946 83
4 72 3947 65
4 72 6685 70
4 72 3938 74
4 72 3948 64
4 73 3950 136
4 73 3958 110
4 73 3957 118
4 73 3953 96
4 73 3954 109
4 73 3951 87
4 73 3952 84
4 73 3959 127
4 73 3956 138
4 73 3955 108
4 74 3960 76
4 74 3962 84
4 74 3964 76
4 74 3966 81
4 74 3968 84
4 74 3969 103
4 74 3963 82
4 74 3971 124
4 74 3965 81
4 74 3967 83
4 74 3961 84
4 74 3972 69
4 74 3970 87
4 75 3981 112
4 75 3980 113
4 75 3974 100
4 75 3975 97
4 75 3973 115
4 75 3982 123
4 75 3977 140
4 75 3976 78
4 75 3978 143
4 75 3979 94
4 76 6686 68
4 76 3994 61
4 76 3992 76
4 76 3983 69
4 76 3991 76
4 76 3993 70
4 76 3989 87
4 76 3987 78
4 76 3984 95
4 76 3988 59
4 76 3985 57
4 76 3986 60
4 76 3995 91
4 76 3990 70
4 76 3996 96
4 77 4004 103
4 77 4003 95
4 77 4002 87
4 77 4006 89
4 77 4005 87
4 77 6730 155
4 77 4000 114
4 77 3998 89
4 77 3997 77
4 77 3999 123
4 77 4001 94
4 78 4015 83
4 78 4010 73
4 78 4013 72
4 78 4017 90
4 78 4008 74
4 78 4009 83
4 78 4011 81
4 78 6662 91
4 78 4014 107
4 78 4012 63
4 78 4007 105
4 78 4016 102
4 78 4018 86
4 79 4022 82
4 79 6777 115
4 79 4019 76
4 79 4020 125
4 79 4025 83
4 79 6778 91
4 79 4024 73
4 79 4028 119
4 79 4026 99
4 79 4023 74
4 79 4021 98
4 79 4027 77
4 162 5221 77
4 162 5222 66
4 162 5223 61
4 162 5224 67
4 162 6678 91
4 162 5219 92
4 162 5216 63
4 162 5215 52
4 162 5218 86
4 162 5220 75
4 162 5225 74
4 162 5217 64
4 163 5247 34
4 163 5236 34
4 163 5244 41
4 163 5245 25
4 163 5240 32
4 163 5241 31
4 163 5232 59
4 163 5226 31
4 163 5229 27
4 163 5227 61
4 163 5234 49
4 163 5235 48
4 163 5228 53
4 163 5239 54
4 163 5237 35
4 163 5231 31
4 163 5230 35
4 163 5238 39
4 163 5243 34
4 163 5242 32
4 163 5233 30
4 163 5246 49
4 164 5248 59
4 164 5251 95
4 164 5250 86
4 164 5252 91
4 164 5249 111
4 164 5253 104
4 164 5256 97
4 164 5254 63
4 164 5255 91
4 164 6674 71
4 165 5264 57
4 165 5260 69
4 165 5263 71
4 165 5269 45
4 165 5270 76
4 165 5262 83
4 165 5258 41
4 165 5259 49
4 165 5268 47
4 165 5266 69
4 165 5267 77
4 165 5265 50
4 165 5257 67
4 165 5261 67
4 166 5273 121
4 166 5271 167
4 166 5276 112
4 166 5275 150
4 166 5274 165
4 166 5272 156
4 167 5288 68
4 167 5279 67
4 167 5282 55
4 167 5287 84
4 167 5278 57
4 167 5277 78
4 167 5286 69
4 167 5285 60
4 167 5289 100
4 167 5284 70
4 167 5281 52
4 167 5280 49
4 167 5283 59
4 168 5290 132
4 168 6769 239
4 168 5292 123
4 168 5293 127
4 168 5291 123
4 168 6676 125
4 169 5296 104
4 169 5294 85
4 169 5295 132
4 169 5297 101
4 169 6722 97
4 169 5299 116
4 169 5298 71
4 169 6723 93
4 170 5307 49
4 170 5300 57
4 170 5312 46
4 170 5309 39
4 170 5315 69
4 170 5316 31
4 170 5317 49
4 170 5301 36
4 170 5308 43
4 170 5310 42
4 170 5306 40
4 170 5304 46
4 170 5302 57
4 170 5303 40
4 170 5311 41
4 170 5314 39
4 170 5313 33
4 170 5305 36
4 171 5321 97
4 171 5320 100
4 171 5326 66
4 171 5324 59
4 171 5325 74
4 171 5322 84
4 171 5323 59
4 171 5328 89
4 171 5318 49
4 171 5319 59
4 171 5327 62
4 172 5335 44
4 172 5334 58
4 172 5330 96
4 172 5331 71
4 172 5329 76
4 172 5332 59
4 172 5333 47
4 172 5339 59
4 172 5336 43
4 172 6725 54
4 172 6724 58
4 172 5338 66
4 172 5337 67
4 173 5350 56
4 173 5344 67
4 173 5340 73
4 173 5349 57
4 173 5341 57
4 173 5342 64
4 173 5347 84
4 173 5345 109
4 173 5348 86
4 173 5346 83
4 173 5343 64
4 174 5365 53
4 174 5358 45
4 174 5352 51
4 174 5357 55
4 174 5361 55
4 174 5360 40
4 174 5364 40
4 174 5355 43
4 174 5351 40
4 174 5359 41
4 174 5356 71
4 174 5354 51
4 174 5353 56
4 174 5362 54
4 174 5363 39
4 174 5366 63
4 175 5377 79
4 175 5367 82
4 175 5374 70
4 175 5372 66
4 175 5368 85
4 175 5370 89
4 175 5371 55
4 175 5373 62
4 175 5369 85
4 175 5376 64
4 175 5375 61
4 183 5490 81
4 183 6720 93
4 183 5488 146
4 183 5491 154
4 183 5489 126
4 183 6721 168
4 183 5487 132
4 183 5486 103
4 184 5497 129
4 184 5498 112
4 184 5501 93
4 184 5494 103
4 184 5496 111
4 184 5495 112
4 184 5493 104
4 184 5492 72
4 184 5499 80
4 184 5500 87
4 185 5503 113
4 185 5504 112
4 185 5502 68
4 185 5508 103
4 185 5507 99
4 185 5506 96
4 185 5505 69
4 185 5510 103
4 185 5509 131
4 185 5511 110
4 186 5515 82
4 186 5516 84
4 186 5521 81
4 186 5512 51
4 186 5522 160
4 186 5513 114
4 186 5519 64
4 186 5520 76
4 186 5518 119
4 186 5517 91
4 186 5514 81
4 187 5544 33
4 187 5535 29
4 187 5538 34
4 187 5533 27
4 187 5525 26
4 187 5523 30
4 187 5545 37
4 187 5543 43
4 187 5546 32
4 187 5550 39
4 187 5549 26
4 187 5552 38
4 187 5528 27
4 187 5534 31
4 187 5527 37
4 187 5532 24
4 187 5537 26
4 187 5530 26
4 187 5531 28
4 187 5529 27
4 187 5526 38
4 187 5553 37
4 187 5536 24
4 187 5541 27
4 187 5540 30
4 187 5524 27
4 187 5547 39
4 187 5548 27
4 187 5539 38
4 187 5551 59
4 187 5542 26
4 188 5560 70
4 188 5557 97
4 188 5556 158
4 188 5562 97
4 188 5563 61
4 188 5555 72
4 188 5561 103
4 188 5554 92
4 188 5564 73
4 188 5559 86
4 188 5558 92
4 189 5571 75
4 189 5568 113
4 189 5572 106
4 189 5573 116
4 189 5565 84
4 189 5566 110
4 189 5574 139
4 189 5569 78
4 189 5567 94
4 189 5570 89
4 197 5705 63
4 197 5703 74
4 197 5704 62
4 197 5702 82
4 197 5701 48
4 197 5698 74
4 197 5696 64
4 197 5697 50
4 197 5700 54
4 197 5691 44
4 197 5693 85
4 197 5694 64
4 197 5692 55
4 197 5695 81
4 197 5690 50
4 197 5699 63
4 198 5707 80
4 198 5706 92
4 198 5709 72
4 198 5718 81
4 198 5712 75
4 198 5710 55
4 198 5714 74
4 198 5708 69
4 198 5717 57
4 198 6761 98
4 198 5711 80
4 198 5713 59
4 198 5715 62
4 198 5716 61
4 199 5730 68
4 199 6764 113
4 199 5727 82
4 199 5725 73
4 199 5728 51
4 199 5723 65
4 199 5719 62
4 199 5729 73
4 199 5722 83
4 199 5720 56
4 199 5721 75
4 199 5724 58
4 199 5726 82
4 199 5731 74
4 200 6693 52
4 200 5734 62
4 200 5736 59
4 200 5738 53
4 200 5733 82
4 200 5744 87
4 200 5743 62
4 200 5742 77
4 200 5741 68
4 200 5735 52
4 200 5739 87
4 200 5737 61
4 200 5745 66
4 200 5732 71
4 200 5740 75
4 201 5758 113
4 201 5747 58
4 201 5746 59
4 201 5751 77
4 201 5753 97
4 201 5755 98
4 201 5756 63
4 201 5754 79
4 201 5752 105
4 201 5750 54
4 201 5748 70
4 201 5757 61
4 201 5749 79
4 202 5769 83
4 202 5767 81
4 202 5765 104
4 202 5763 77
4 202 5764 94
4 202 5761 67
4 202 5759 92
4 202 5768 70
4 202 5760 90
4 202 5762 63
4 202 5770 78
4 202 5771 56
4 202 5766 62
4 203 5777 76
4 203 5775 73
4 203 5773 89
4 203 5778 80
4 203 5780 68
4 203 5772 63
4 203 5779 65
4 203 5785 58
4 203 5783 50
4 203 5784 44
4 203 5786 69
4 203 5774 81
4 203 5776 83
4 203 5781 49
4 203 5782 67
5 19 2835 10
5 19 2836 13
5 19 2842 9
5 19 2841 11
5 19 2840 9
5 19 2825 8
5 19 2828 11
5 19 2829 14
5 19 2831 12
5 19 2830 10
5 19 2844 8
5 19 2832 10
5 19 2845 15
5 19 2833 7
5 19 2847 15
5 19 2843 13
5 19 2826 8
5 19 2827 8
5 19 2846 15
5 19 2839 13
5 19 2837 9
5 19 2834 12
5 19 2838 8
5 20 2854 8
5 20 2858 9
5 20 2867 9
5 20 2849 8
5 20 2851 9
5 20 2870 7
5 20 2866 10
5 20 2864 10
5 20 2852 12
5 20 2853 10
5 20 2859 9
5 20 2857 13
5 20 2856 13
5 20 2863 19
5 20 2861 14
5 20 2869 7
5 20 2848 8
5 20 2850 8
5 20 2862 9
5 20 2860 8
5 20 2865 13
5 20 2868 10
5 20 2855 8
5 21 2882 11
5 21 2877 15
5 21 2887 16
5 21 2884 14
5 21 2886 16
5 21 2896 9
5 21 2902 12
5 21 2876 15
5 21 2878 13
5 21 2879 15
5 21 2881 11
5 21 2873 12
5 21 2871 12
5 21 2880 9
5 21 2891 8
5 21 2890 13
5 21 2885 13
5 21 2888 15
5 21 2889 15
5 21 2895 11
5 21 2892 10
5 21 2901 14
5 21 2897 9
5 21 2899 9
5 21 2903 8
5 21 2898 11
5 21 2883 12
5 21 2874 13
5 21 2893 13
5 21 2904 8
5 21 2900 9
5 21 2875 12
5 21 2872 12
5 21 2894 9
5 51 5873 10
5 51 5877 11
5 51 5875 8
5 51 5876 9
5 51 5874 16
5 51 5878 13
5 51 5872 12
5 51 5885 12
5 51 5886 8
5 51 5881 11
5 51 5884 11
5 51 5882 17
5 51 5880 11
5 51 5883 9
5 51 5879 14
5 51 5888 14
5 51 5889 14
5 51 5887 14
5 51 5890 10
5 51 5891 7
5 51 5892 13
5 51 5895 11
5 51 5894 11
5 51 5893 11
5 51 5902 11
5 51 5900 9
5 51 5901 14
5 51 5898 14
5 51 5897 12
5 51 5899 8
5 51 5904 11
5 51 5903 11
5 51 5896 12
5 51 5906 8
5 51 5905 8
5 51 5907 9
5 51 5908 9
5 51 5910 13
5 51 5909 15
5 214 5984 152
5 214 5992 139
5 214 5989 120
5 214 5988 125
5 214 5993 136
5 214 5982 123
5 214 5983 136
5 214 5991 124
5 214 5987 104
5 214 5990 135
5 214 5985 93
5 214 5986 122
5 214 5994 121
5 215 5995 106
5 215 6005 165
5 215 6000 121
5 215 6007 104
5 215 6006 70
5 215 6002 100
5 215 5996 87
5 215 6001 125
5 215 6009 82
5 215 5998 129
5 215 6003 115
5 215 6008 109
5 215 5999 103
5 215 5997 95
5 215 6004 119
5 216 6018 153
5 216 6011 124
5 216 6010 134
5 216 6014 179
5 216 6015 143
5 216 6012 110
5 216 6021 115
5 216 6016 164
5 216 6013 176
5 216 6019 91
5 216 6020 123
5 216 6017 119
5 217 6026 109
5 217 6025 87
5 217 6027 104
5 217 6024 108
5 217 6028 99
5 217 6035 115
5 217 6036 119
5 217 6031 128
5 217 6032 118
5 217 6034 67
5 217 6033 122
5 217 6022 102
5 217 6023 74
5 217 6037 88
5 217 6030 90
5 217 6029 100
5 218 6045 84
5 218 6043 134
5 218 6040 111
5 218 6041 144
5 218 6039 106
5 218 6046 100
5 218 6044 101
5 218 6042 114
5 218 6050 187
5 218 6051 105
5 218 6047 110
5 218 6038 151
5 218 6048 77
5 218 6049 106
5 219 6053 88
5 219 6062 109
5 219 6065 145
5 219 6059 105
5 219 6066 109
5 219 6061 115
5 219 6057 81
5 219 6060 91
5 219 6056 105
5 219 6052 72
5 219 6064 95
5 219 6063 96
5 219 6058 100
5 219 6067 95
5 219 6055 96
5 219 6054 126
5 220 6077 108
5 220 6075 108
5 220 6070 141
5 220 6069 123
5 220 6071 103
5 220 6079 132
5 220 6076 130
5 220 6078 103
5 220 6080 145
5 220 6073 182
5 220 6068 128
5 220 6074 91
5 220 6072 137
5 221 6083 161
5 221 6084 157
5 221 6086 148
5 221 6090 205
5 221 6085 130
5 221 6082 178
5 221 6087 150
5 221 6081 191
5 221 6088 159
5 221 6089 154
5 240 6332 158
5 240 6334 106
5 240 6330 201
5 240 6329 153
5 240 6333 171
5 240 6331 117
5 240 6328 181
5 241 6339 77
5 241 6342 60
5 241 6344 64
5 241 6340 63
5 241 6347 57
5 241 6348 51
5 241 6336 73
5 241 6664 72
5 241 6338 66
5 241 6350 64
5 241 6341 58
5 241 6349 68
5 241 6337 61
5 241 6346 58
5 241 6335 67
5 241 6343 68
5 241 6345 54
5 242 6357 134
5 242 6351 128
5 242 6355 72
5 242 6361 108
5 242 6352 104
5 242 6359 60
5 242 6362 81
5 242 6354 77
5 242 6358 59
5 242 6360 100
5 242 6356 84
5 242 6353 77
5 243 6368 51
5 243 6369 59
5 243 6374 87
5 243 6377 81
5 243 6375 79
5 243 6364 57
5 243 6376 72
5 243 6367 86
5 243 6363 49
5 243 6370 82
5 243 6366 81
5 243 6372 69
5 243 6371 103
5 243 6373 78
5 243 6365 50
5 244 6378 57
5 244 6391 71
5 244 6390 83
5 244 6384 104
5 244 6387 85
5 244 6383 42
5 244 6382 96
5 244 6381 40
5 244 6386 72
5 244 6379 61
5 244 6380 54
5 244 6385 63
5 244 6389 84
5 244 6388 95
5 244 6392 75
5 252 6563 76
5 252 6557 71
5 252 6561 66
5 252 6567 91
5 252 6558 65
5 252 6559 66
5 252 6556 80
5 252 6555 75
5 252 6560 74
5 252 6562 80
5 252 6564 78
5 252 6566 75
5 252 6565 80
5 252 6568 89
5 253 6571 98
5 253 6570 113
5 253 6577 84
5 253 6574 119
5 253 6576 85
5 253 6569 112
5 253 6572 88
5 253 6579 97
5 253 6575 88
5 253 6573 75
5 253 6578 107
5 254 6580 76
5 254 6583 90
5 254 6592 77
5 254 6582 109
5 254 6585 81
5 254 6581 67
5 254 6591 88
5 254 6589 84
5 254 6588 89
5 254 6586 75
5 254 6587 88
5 254 6590 71
5 254 6584 70
5 255 6596 86
5 255 6599 80
5 255 6605 86
5 255 6603 79
5 255 6604 87
5 255 6593 84
5 255 6597 94
5 255 6594 56
5 255 6602 69
5 255 6598 63
5 255 6601 94
5 255 6606 57
5 255 6595 67
5 255 6600 63
5 256 6619 76
5 256 6622 72
5 256 6620 54
5 256 6613 47
5 256 6625 65
5 256 6624 50
5 256 6607 64
5 256 6615 52
5 256 6610 49
5 256 6609 46
5 256 6611 60
5 256 6608 44
5 256 6616 59
5 256 6621 54
5 256 6623 51
5 256 6617 49
5 256 6614 47
5 256 6612 56
5 256 6618 66
5 257 6635 68
5 257 6639 62
5 257 6636 74
5 257 6630 71
5 257 6626 96
5 257 6628 74
5 257 6629 90
5 257 6627 73
5 257 6632 89
5 257 6631 69
5 257 6637 74
5 257 6638 83
5 257 6634 63
5 257 6633 80
5 282 1862 0
5 282 1852 0
5 282 1841 0
5 282 1842 0
5 282 1850 0
5 282 1818 0
5 282 1819 0
5 282 1828 0
5 282 1827 0
5 282 1815 0
5 282 1808 0
5 282 1878 0
5 282 1874 0
5 282 1866 0
5 282 1873 0
5 282 1867 0
5 282 1877 0
5 282 1886 0
5 282 1883 0
5 282 1888 0
5 282 1893 0
5 282 1879 0
5 282 1884 0
5 282 1885 0
5 282 1887 0
5 282 1882 0
5 282 1889 0
5 282 1894 0
5 282 1892 0
5 282 1840 0
5 282 1853 0
5 282 1848 0
5 282 6753 0
5 282 1860 0
5 282 1809 0
5 282 1797 0
5 282 1804 0
5 282 1806 0
5 282 1802 0
5 282 1875 0
5 282 1863 0
5 282 1870 0
5 282 1869 0
5 282 6759 0
5 282 6665 0
5 282 1880 0
5 282 1810 0
5 282 1811 0
5 282 1813 0
5 282 1849 0
5 282 1847 0
5 282 1859 0
5 282 1823 0
5 282 1834 0
5 282 1832 0
5 282 1816 0
5 282 1820 0
5 282 1822 0
5 282 1807 0
5 282 1898 0
5 282 1899 0
5 282 1897 0
5 282 1790 0
5 282 1793 0
5 282 1789 0
5 282 1801 0
5 282 1805 0
5 282 1837 0
5 282 6756 0
5 282 1831 0
5 282 6757 0
5 282 6755 0
5 282 6754 0
5 282 1902 0
5 282 1900 0
5 282 1896 0
5 282 1901 0
5 282 1895 0
5 282 1890 0
5 282 1861 0
5 282 1876 0
5 282 1864 0
5 282 1865 0
5 282 1821 0
5 282 1830 0
5 282 1836 0
5 282 1829 0
5 282 6758 0
5 282 1891 0
5 282 1786 0
5 282 1796 0
5 282 1792 0
5 282 1787 0
5 282 1798 0
5 282 1803 0
5 282 1795 0
5 282 1854 0
5 282 1814 0
5 282 1812 0
5 282 6667 0
5 282 1817 0
5 282 1868 0
5 282 1871 0
5 282 1872 0
5 282 1835 0
5 282 1843 0
5 282 1824 0
5 282 1855 0
5 282 1846 0
5 282 1844 0
5 282 1839 0
5 282 1825 0
5 282 1845 0
5 282 1851 0
5 282 1858 0
5 282 1857 0
5 282 1856 0
5 282 1799 0
5 282 1785 0
5 282 1780 0
5 282 1783 0
5 282 1781 0
5 282 1782 0
5 282 1788 0
5 282 1791 0
5 282 1800 0
5 282 1784 0
5 282 1794 0
5 282 1833 0
5 282 1826 0
5 282 1881 0
5 282 1838 0
5 283 1907 0
5 283 1911 0
5 283 1915 0
5 283 1934 0
5 283 1936 0
5 283 1940 0
5 283 1939 0
5 283 1938 0
5 283 1932 0
5 283 1941 0
5 283 1935 0
5 283 1916 0
5 283 1906 0
5 283 1910 0
5 283 1909 0
5 283 1908 0
5 283 1920 0
5 283 1904 0
5 283 6663 0
5 283 1912 0
5 283 1903 0
5 283 1905 0
5 283 1914 0
5 283 1928 0
5 283 1922 0
5 283 1919 0
5 283 1921 0
5 283 1913 0
5 283 1929 0
5 283 1925 0
5 283 1918 0
5 283 1923 0
5 283 1927 0
5 283 1917 0
5 283 1943 0
5 283 1942 0
5 283 1937 0
5 283 1933 0
5 283 1930 0
5 283 1931 0
5 283 1924 0
5 283 1926 0
5 284 1970 0
5 284 1971 0
5 284 1974 0
5 284 1966 0
5 284 1977 0
5 284 1982 0
5 284 1965 0
5 284 1960 0
5 284 1959 0
5 284 1956 0
5 284 1948 0
5 284 1949 0
5 284 1947 0
5 284 1944 0
5 284 1945 0
5 284 1952 0
5 284 1951 0
5 284 1950 0
5 284 1973 0
5 284 1969 0
5 284 1979 0
5 284 1986 0
5 284 1976 0
5 284 1957 0
5 284 1955 0
5 284 1962 0
5 284 1980 0
5 284 1975 0
5 284 1985 0
5 284 1961 0
5 284 1954 0
5 284 1984 0
5 284 1981 0
5 284 1978 0
5 284 1983 0
5 284 1968 0
5 284 1963 0
5 284 1953 0
5 284 1958 0
5 284 1946 0
5 284 1972 0
5 284 1964 0
5 284 1967 0
5 285 2019 0
5 285 2021 0
5 285 2012 0
5 285 2018 0
5 285 2020 0
5 285 2017 0
5 285 2016 0
5 285 6668 0
5 285 2002 0
5 285 2023 0
5 285 1990 0
5 285 1989 0
5 285 1988 0
5 285 1992 0
5 285 1999 0
5 285 2001 0
5 285 2003 0
5 285 1994 0
5 285 2005 0
5 285 2004 0
5 285 1995 0
5 285 2015 0
5 285 2022 0
5 285 1996 0
5 285 1997 0
5 285 2006 0
5 285 2009 0
5 285 1993 0
5 285 2010 0
5 285 2014 0
5 285 2008 0
5 285 2013 0
5 285 2011 0
5 285 2000 0
5 285 2007 0
5 285 1987 0
5 285 1991 0
5 285 1998 0
5 286 2038 0
5 286 2040 0
5 286 2032 0
5 286 2031 0
5 286 2024 0
5 286 2026 0
5 286 2029 0
5 286 2034 0
5 286 2035 0
5 286 2030 0
5 286 2028 0
5 286 2027 0
5 286 2050 0
5 286 2048 0
5 286 2033 0
5 286 2047 0
5 286 2036 0
5 286 2037 0
5 286 2051 0
5 286 2046 0
5 286 2044 0
5 286 2039 0
5 286 2042 0
5 286 2041 0
5 286 2045 0
5 286 2049 0
5 286 2043 0
5 286 6666 0
5 286 2025 0
5 287 2066 0
5 287 2073 0
5 287 2058 0
5 287 2055 0
5 287 2084 0
5 287 2074 0
5 287 2087 0
5 287 2072 0
5 287 2077 0
5 287 2068 0
5 287 2063 0
5 287 2064 0
5 287 2069 0
5 287 2057 0
5 287 2059 0
5 287 2060 0
5 287 2052 0
5 287 2053 0
5 287 2089 0
5 287 2067 0
5 287 2061 0
5 287 2075 0
5 287 2080 0
5 287 2090 0
5 287 2086 0
5 287 2085 0
5 287 2088 0
5 287 2054 0
5 287 2056 0
5 287 2082 0
5 287 2081 0
5 287 2070 0
5 287 2071 0
5 287 2083 0
5 287 2079 0
5 287 2062 0
5 287 2065 0
5 287 2076 0
5 287 2078 0
5 288 2121 0
5 288 2115 0
5 288 2112 0
5 288 2113 0
5 288 6752 0
5 288 2118 0
5 288 2091 0
5 288 2096 0
5 288 2108 0
5 288 2117 0
5 288 2094 0
5 288 2098 0
5 288 2110 0
5 288 2114 0
5 288 2105 0
5 288 2102 0
5 288 2101 0
5 288 2097 0
5 288 2111 0
5 288 2116 0
5 288 2093 0
5 288 2092 0
5 288 2107 0
5 288 2109 0
5 288 2119 0
5 288 2103 0
5 288 2106 0
5 288 2122 0
5 288 2120 0
5 288 2104 0
5 288 2099 0
5 288 2100 0
5 288 2095 0
6 31 3153 7
6 31 3158 8
6 31 3160 8
6 31 3164 7
6 31 3163 13
6 31 3159 10
6 31 3161 12
6 31 3157 9
6 31 3156 11
6 31 3162 12
6 31 3154 6
6 31 3166 10
6 31 3165 13
6 31 3167 9
6 31 3150 6
6 31 3152 7
6 31 6735 10
6 31 3169 9
6 31 6736 11
6 31 3168 12
6 31 3155 8
6 31 3151 6
6 32 3176 24
6 32 3179 36
6 32 3184 27
6 32 3186 30
6 32 3170 22
6 32 3180 31
6 32 3182 21
6 32 3183 26
6 32 3185 29
6 32 3188 24
6 32 3189 29
6 32 3190 37
6 32 3187 41
6 32 3181 27
6 32 3173 16
6 32 3174 26
6 32 3178 24
6 32 3175 32
6 32 3172 22
6 32 3177 21
6 32 3171 16
6 33 3193 15
6 33 3195 17
6 33 3202 16
6 33 3191 14
6 33 3204 19
6 33 3201 16
6 33 3205 18
6 33 3194 16
6 33 3192 16
6 33 3196 18
6 33 3203 18
6 33 3199 15
6 33 3206 14
6 33 3200 19
6 33 3197 17
6 33 3198 14
6 33 3207 16
6 34 3215 14
6 34 3221 23
6 34 3214 16
6 34 3213 17
6 34 3218 16
6 34 6783 13
6 34 3208 10
6 34 3209 11
6 34 3219 11
6 34 3223 15
6 34 3222 14
6 34 3216 15
6 34 3220 11
6 34 3217 10
6 34 3211 9
6 34 6717 12
6 34 3210 10
6 34 3212 13
6 34 3224 22
6 55 3530 19
6 55 3533 25
6 55 3527 21
6 55 3537 25
6 55 3540 27
6 55 3528 21
6 55 3534 14
6 55 3544 31
6 55 3532 22
6 55 3529 28
6 55 3535 21
6 55 3542 14
6 55 3541 13
6 55 3543 23
6 55 3539 25
6 55 3536 13
6 55 3531 19
6 55 3538 23
6 55 3526 13
6 55 3545 17
6 56 3520 13
6 56 3518 19
6 56 3515 15
6 56 3513 17
6 56 3514 16
6 56 3521 15
6 56 3525 16
6 56 3523 9
6 56 3524 12
6 56 3516 12
6 56 3512 9
6 56 3517 16
6 56 3511 12
6 56 3510 10
6 56 3509 9
6 56 3519 18
6 56 3522 19
6 56 3549 15
6 56 3546 11
6 56 3561 10
6 56 3557 15
6 56 3556 16
6 56 3560 11
6 56 3553 21
6 56 3547 16
6 56 3554 15
6 56 3555 11
6 56 3550 9
6 56 3558 9
6 56 3552 15
6 56 3548 12
6 56 3551 8
6 56 3559 11
6 61 3632 51
6 61 3628 48
6 61 3631 54
6 61 3637 45
6 61 3636 51
6 61 3629 50
6 61 3627 47
6 61 3633 86
6 61 3634 47
6 61 3639 51
6 61 3635 47
6 61 3638 76
6 61 3630 44
6 62 3648 49
6 62 3647 50
6 62 6683 52
6 62 3641 67
6 62 3643 72
6 62 3642 97
6 62 3646 49
6 62 3644 80
6 62 3640 76
6 62 3645 106
6 63 3656 41
6 63 3659 78
6 63 3650 78
6 63 3654 81
6 63 3658 47
6 63 3652 71
6 63 3651 98
6 63 3655 54
6 63 3653 53
6 63 3657 51
6 63 3649 46
6 64 3669 35
6 64 3676 29
6 64 3666 23
6 64 3674 25
6 64 3661 22
6 64 3675 38
6 64 3673 28
6 64 3677 41
6 64 3668 23
6 64 3667 36
6 64 3671 41
6 64 3662 32
6 64 3670 39
6 64 3672 28
6 64 3679 27
6 64 3681 22
6 64 3680 43
6 64 3678 25
6 64 3663 27
6 64 3665 38
6 64 3664 25
6 64 3660 44
6 65 3696 42
6 65 3686 22
6 65 3689 33
6 65 3699 31
6 65 6731 41
6 65 6732 43
6 65 3690 38
6 65 3683 29
6 65 3684 35
6 65 3697 35
6 65 3698 43
6 65 3694 31
6 65 3691 40
6 65 3693 32
6 65 3687 53
6 65 3688 28
6 65 3695 32
6 65 3692 29
6 65 3685 27
6 65 3682 30
6 99 4323 93
6 99 4325 106
6 99 4326 102
6 99 4324 95
6 99 4331 89
6 99 4332 118
6 99 4328 97
6 99 4335 108
6 99 4337 125
6 99 4334 120
6 99 4336 119
6 99 4343 119
6 99 4339 109
6 99 4338 130
6 99 4344 111
6 99 4342 125
6 99 4333 114
6 99 4340 100
6 99 4341 113
6 99 4330 127
6 99 4327 90
6 99 4329 107
6 100 4357 154
6 100 4362 128
6 100 4353 149
6 100 4351 149
6 100 4352 114
6 100 4356 166
6 100 4359 143
6 100 4354 124
6 100 4355 159
6 100 4345 109
6 100 4358 167
6 100 4347 113
6 100 4348 137
6 100 4350 139
6 100 4346 94
6 100 4349 100
6 100 4361 176
6 100 4360 94
6 101 4366 263
6 101 4369 370
6 101 4370 265
6 101 4368 218
6 101 4363 319
6 101 4371 193
6 101 4367 336
6 101 4365 259
6 101 4364 196
6 102 4374 182
6 102 4375 217
6 102 4378 225
6 102 4377 175
6 102 4379 193
6 102 4381 226
6 102 4382 222
6 102 4383 216
6 102 4380 181
6 102 4373 206
6 102 4372 213
6 102 4376 161
6 103 4399 126
6 103 4401 95
6 103 4388 127
6 103 4384 108
6 103 4385 120
6 103 4391 128
6 103 4396 107
6 103 4386 103
6 103 4394 116
6 103 4400 97
6 103 4395 110
6 103 4398 93
6 103 4397 137
6 103 4392 144
6 103 4389 112
6 103 4393 165
6 103 4404 78
6 103 4403 110
6 103 4402 110
6 103 4390 105
6 103 4387 123
6 104 4420 129
6 104 4421 106
6 104 4409 145
6 104 4415 98
6 104 4412 103
6 104 4405 90
6 104 4418 113
6 104 4407 82
6 104 4406 126
6 104 4411 72
6 104 4408 177
6 104 4413 173
6 104 4416 93
6 104 4410 168
6 104 6780 175
6 104 4417 119
6 104 4414 113
6 104 4422 94
6 104 4423 92
6 104 4419 147
6 105 4425 153
6 105 4438 217
6 105 4439 122
6 105 4427 120
6 105 4429 117
6 105 4428 129
6 105 4440 134
6 105 4424 163
6 105 4426 126
6 105 4433 115
6 105 4436 149
6 105 4434 168
6 105 4437 111
6 105 4435 181
6 105 4432 109
6 105 4431 167
6 105 4430 137
6 106 4446 219
6 106 4448 207
6 106 4445 246
6 106 4447 234
6 106 4449 179
6 106 4450 197
6 106 4444 256
6 106 4442 216
6 106 4443 220
6 106 4441 239
6 106 4451 204
6 107 4458 398
6 107 4459 296
6 107 4453 279
6 107 4454 317
6 107 4455 259
6 107 4456 289
6 107 4457 341
6 107 4452 240
6 108 4461 229
6 108 4463 167
6 108 4469 220
6 108 4465 257
6 108 4464 230
6 108 4466 215
6 108 4462 443
6 108 4460 182
6 108 4468 227
6 108 4467 248
6 109 4478 129
6 109 4486 127
6 109 4485 118
6 109 4474 93
6 109 4476 118
6 109 4482 144
6 109 4472 191
6 109 4480 146
6 109 4479 114
6 109 4475 121
6 109 4477 200
6 109 4487 139
6 109 4473 150
6 109 4470 110
6 109 4471 129
6 109 4481 111
6 109 4484 136
6 109 4483 139
6 110 4488 194
6 110 4495 303
6 110 4492 377
6 110 4496 212
6 110 4490 230
6 110 4494 220
6 110 4489 370
6 110 4493 284
6 110 4491 231
6 128 4738 141
6 128 4745 148
6 128 4744 175
6 128 4742 168
6 128 4740 173
6 128 4741 152
6 128 4743 132
6 128 4735 157
6 128 4737 177
6 128 4736 164
6 128 4746 172
6 128 4747 180
6 128 4739 238
6 129 4760 97
6 129 4762 160
6 129 4751 74
6 129 4765 163
6 129 4753 77
6 129 4767 143
6 129 4756 93
6 129 4761 80
6 129 4759 93
6 129 4768 132
6 129 4763 74
6 129 4766 87
6 129 4757 80
6 129 4758 96
6 129 4754 112
6 129 4755 112
6 129 4769 75
6 129 4764 103
6 129 4750 73
6 129 4749 84
6 129 4748 80
6 129 4752 84
6 130 4774 0
6 130 4776 0
6 130 4773 0
6 130 4772 0
6 130 4777 0
6 130 4770 0
6 130 4771 0
6 130 4787 0
6 130 4783 0
6 130 4786 0
6 130 4785 0
6 130 4779 0
6 130 4784 0
6 130 4778 0
6 130 4775 0
6 130 4780 0
6 130 4782 0
6 130 4781 0
6 131 4792 170
6 131 4797 138
6 131 4794 176
6 131 4793 187
6 131 4798 215
6 131 4796 133
6 131 4800 204
6 131 4795 157
6 131 4799 209
6 131 4789 141
6 131 4790 160
6 131 4788 174
6 131 4791 114
6 132 4805 251
6 132 4804 173
6 132 4814 162
6 132 4815 167
6 132 4810 138
6 132 4813 129
6 132 4812 189
6 132 4811 128
6 132 4806 134
6 132 4803 108
6 132 4809 105
6 132 4808 122
6 132 4807 92
6 132 4802 182
6 132 4801 95
6 133 4828 0
6 133 4826 0
6 133 4824 0
6 133 4825 0
6 133 4830 0
6 133 4831 0
6 133 4817 0
6 133 4816 0
6 133 4820 0
6 133 4818 0
6 133 4833 0
6 133 4823 0
6 133 4822 0
6 133 4834 0
6 133 4835 0
6 133 4821 0
6 133 4827 0
6 133 4832 0
6 133 4829 0
6 133 4819 0
6 134 4844 0
6 134 4843 0
6 134 4842 0
6 134 4847 0
6 134 4839 0
6 134 4838 0
6 134 4837 0
6 134 4841 0
6 134 4846 0
6 134 4836 0
6 134 4845 0
6 134 4840 0
6 135 4848 209
6 135 4857 161
6 135 4859 182
6 135 4851 144
6 135 4852 136
6 135 4853 229
6 135 4850 185
6 135 4855 173
6 135 4849 243
6 135 4856 131
6 135 4858 175
6 135 4854 209
6 136 4865 178
6 136 4868 233
6 136 4870 208
6 136 4863 180
6 136 4862 186
6 136 4866 198
6 136 4871 154
6 136 4867 182
6 136 4861 159
6 136 4864 133
6 136 4869 199
6 136 4860 166
6 137 4886 0
6 137 4875 0
6 137 4877 0
6 137 4883 0
6 137 4882 0
6 137 4881 0
6 137 4873 0
6 137 4884 0
6 137 4885 0
6 137 4880 0
6 137 4879 0
6 137 4887 0
6 137 4876 0
6 137 4878 0
6 137 4874 0
6 137 4872 0
6 176 5387 92
6 176 5390 64
6 176 5388 98
6 176 5389 67
6 176 5382 117
6 176 5380 76
6 176 5378 74
6 176 5385 69
6 176 5391 67
6 176 5379 90
6 176 5381 69
6 176 5384 81
6 176 5392 65
6 176 5393 113
6 176 5394 87
6 176 5383 69
6 176 5386 80
6 177 5412 64
6 177 5395 90
6 177 5408 92
6 177 5411 65
6 177 5397 59
6 177 5401 57
6 177 5396 94
6 177 5404 62
6 177 5405 57
6 177 5398 90
6 177 5403 90
6 177 5402 94
6 177 5399 58
6 177 5406 58
6 177 5407 83
6 177 5400 109
6 177 5409 77
6 177 5410 78
6 178 5420 89
6 178 5425 99
6 178 5415 126
6 178 5417 106
6 178 5416 83
6 178 5421 110
6 178 5419 104
6 178 5413 126
6 178 5414 105
6 178 5422 122
6 178 5424 74
6 178 5423 102
6 178 5418 133
6 179 5439 93
6 179 5427 62
6 179 5433 64
6 179 5444 74
6 179 5429 62
6 179 5442 99
6 179 5441 89
6 179 5435 85
6 179 5437 65
6 179 5434 66
6 179 5431 67
6 179 5428 79
6 179 5443 67
6 179 5426 47
6 179 5438 69
6 179 5432 61
6 179 5430 63
6 179 5440 64
6 179 5436 101
6 180 5452 80
6 180 5450 94
6 180 5447 102
6 180 5451 88
6 180 5446 79
6 180 5456 114
6 180 5448 76
6 180 5458 114
6 180 5455 104
6 180 5454 169
6 180 5449 93
6 180 5445 98
6 180 5457 90
6 180 5453 77
6 181 5463 119
6 181 5459 108
6 181 5462 96
6 181 5469 86
6 181 5470 92
6 181 5465 106
6 181 5460 109
6 181 5466 94
6 181 5461 98
6 181 6766 55
6 181 6765 64
6 181 5468 111
6 181 5467 122
6 181 5464 119
6 182 5475 56
6 182 5483 76
6 182 5484 80
6 182 5476 118
6 182 5481 114
6 182 5478 84
6 182 5472 97
6 182 5477 108
6 182 5485 111
6 182 5482 78
6 182 5480 57
6 182 5473 64
6 182 5474 66
6 182 5479 108
6 182 5471 161
6 222 6100 110
6 222 6101 82
6 222 6099 88
6 222 6091 67
6 222 6095 93
6 222 6096 65
6 222 6092 66
6 222 6098 103
6 222 6094 119
6 222 6093 63
6 222 6097 126
6 223 6684 149
6 223 6102 149
6 223 6104 149
6 223 6103 115
6 223 6107 137
6 223 6105 137
6 223 6106 146
6 224 6114 78
6 224 6116 50
6 224 6119 69
6 224 6109 50
6 224 6123 63
6 224 6117 68
6 224 6118 59
6 224 6121 66
6 224 6111 58
6 224 6115 65
6 224 6112 59
6 224 6120 46
6 224 6122 51
6 224 6113 78
6 224 6110 64
6 224 6108 55
6 225 6128 69
6 225 6127 82
6 225 6125 87
6 225 6134 89
6 225 6135 72
6 225 6130 82
6 225 6129 92
6 225 6124 77
6 225 6126 73
6 225 6133 127
6 225 6132 70
6 225 6131 61
6 226 6142 77
6 226 6141 76
6 226 6136 58
6 226 6137 60
6 226 6143 85
6 226 6145 55
6 226 6144 76
6 226 6139 57
6 226 6149 102
6 226 6147 68
6 226 6148 67
6 226 6146 67
6 226 6140 70
6 226 6138 62
6 227 6153 61
6 227 6151 69
6 227 6157 62
6 227 6162 63
6 227 6163 58
6 227 6164 49
6 227 6161 69
6 227 6155 52
6 227 6156 86
6 227 6159 102
6 227 6158 73
6 227 6152 70
6 227 6154 56
6 227 6160 62
6 227 6150 46
6 228 6174 70
6 228 6175 73
6 228 6179 59
6 228 6177 61
6 228 6173 71
6 228 6170 60
6 228 6176 84
6 228 6165 55
6 228 6168 83
6 228 6171 64
6 228 6169 62
6 228 6172 58
6 228 6166 67
6 228 6167 63
6 228 6178 48
7 294 1 0
7 295 16 0
7 295 15 0
7 295 9 0
7 295 13 0
7 295 8 0
7 295 6657 0
7 295 3 0
7 295 2 0
7 295 10 0
7 295 6 0
7 295 4 0
7 295 17 0
7 295 19 0
7 295 21 0
7 295 20 0
7 295 18 0
7 295 12 0
7 295 5 0
7 295 7 0
7 295 11 0
7 295 22 0
7 295 14 0
7 296 31 0
7 296 32 0
7 296 48 0
7 296 46 0
7 296 43 0
7 296 61 0
7 296 63 0
7 296 62 0
7 296 60 0
7 296 59 0
7 296 52 0
7 296 58 0
7 296 37 0
7 296 44 0
7 296 28 0
7 296 25 0
7 296 24 0
7 296 51 0
7 296 49 0
7 296 55 0
7 296 36 0
7 296 35 0
7 296 40 0
7 296 50 0
7 296 45 0
7 296 47 0
7 296 57 0
7 296 29 0
7 296 54 0
7 296 56 0
7 296 53 0
7 296 23 0
7 296 38 0
7 296 39 0
7 296 27 0
7 296 30 0
7 296 33 0
7 296 34 0
7 296 42 0
7 296 26 0
7 296 41 0
7 297 79 0
7 297 76 0
7 297 68 0
7 297 69 0
7 297 66 0
7 297 84 0
7 297 87 0
7 297 80 0
7 297 82 0
7 297 83 0
7 297 86 0
7 297 72 0
7 297 74 0
7 297 85 0
7 297 77 0
7 297 73 0
7 297 71 0
7 297 81 0
7 297 90 0
7 297 89 0
7 297 78 0
7 297 6644 0
7 297 75 0
7 297 67 0
7 297 65 0
7 297 88 0
7 297 70 0
7 297 64 0
7 298 116 0
7 298 119 0
7 298 96 0
7 298 99 0
7 298 113 0
7 298 120 0
7 298 112 0
7 298 101 0
7 298 100 0
7 298 104 0
7 298 108 0
7 298 115 0
7 298 92 0
7 298 93 0
7 298 95 0
7 298 121 0
7 298 123 0
7 298 94 0
7 298 118 0
7 298 124 0
7 298 105 0
7 298 103 0
7 298 106 0
7 298 98 0
7 298 97 0
7 298 102 0
7 298 122 0
7 298 91 0
7 298 117 0
7 298 111 0
7 298 109 0
7 298 107 0
7 298 110 0
7 298 114 0
7 299 142 0
7 299 144 0
7 299 139 0
7 299 130 0
7 299 160 0
7 299 6648 0
7 299 155 0
7 299 148 0
7 299 131 0
7 299 140 0
7 299 134 0
7 299 159 0
7 299 157 0
7 299 133 0
7 299 126 0
7 299 6646 0
7 299 129 0
7 299 136 0
7 299 138 0
7 299 135 0
7 299 141 0
7 299 145 0
7 299 150 0
7 299 151 0
7 299 137 0
7 299 128 0
7 299 132 0
7 299 158 0
7 299 153 0
7 299 156 0
7 299 149 0
7 299 146 0
7 299 125 0
7 299 154 0
7 299 127 0
7 299 147 0
7 299 6641 0
7 299 143 0
7 299 152 0
7 300 171 0
7 300 174 0
7 300 188 0
7 300 186 0
7 300 185 0
7 300 178 0
7 300 181 0
7 300 179 0
7 300 175 0
7 300 169 0
7 300 173 0
7 300 165 0
7 300 168 0
7 300 164 0
7 300 167 0
7 300 166 0
7 300 162 0
7 300 172 0
7 300 161 0
7 300 163 0
7 300 187 0
7 300 180 0
7 300 184 0
7 300 183 0
7 300 182 0
7 300 176 0
7 300 177 0
7 300 170 0
7 301 204 0
7 301 209 0
7 301 208 0
7 301 6647 0
7 301 201 0
7 301 205 0
7 301 198 0
7 301 197 0
7 301 200 0
7 301 202 0
7 301 206 0
7 301 211 0
7 301 203 0
7 301 207 0
7 301 228 0
7 301 231 0
7 301 230 0
7 301 225 0
7 301 218 0
7 301 214 0
7 301 216 0
7 301 222 0
7 301 210 0
7 301 219 0
7 301 217 0
7 301 213 0
7 301 221 0
7 301 224 0
7 301 227 0
7 301 229 0
7 301 223 0
7 301 191 0
7 301 192 0
7 301 190 0
7 301 226 0
7 301 220 0
7 301 212 0
7 301 195 0
7 301 189 0
7 301 196 0
7 301 193 0
7 301 194 0
7 301 215 0
7 301 199 0
7 302 252 0
7 302 256 0
7 302 246 0
7 302 249 0
7 302 244 0
7 302 247 0
7 302 245 0
7 302 243 0
7 302 260 0
7 302 254 0
7 302 251 0
7 302 250 0
7 302 262 0
7 302 258 0
7 302 255 0
7 302 261 0
7 302 259 0
7 302 266 0
7 302 241 0
7 302 239 0
7 302 237 0
7 302 232 0
7 302 235 0
7 302 242 0
7 302 253 0
7 302 248 0
7 302 269 0
7 302 263 0
7 302 233 0
7 302 234 0
7 302 240 0
7 302 268 0
7 302 236 0
7 302 238 0
7 302 264 0
7 302 257 0
7 302 267 0
7 302 265 0
7 302 6650 0
7 303 304 0
7 303 303 0
7 303 301 0
7 303 290 0
7 303 285 0
7 303 295 0
7 303 284 0
7 303 273 0
7 303 274 0
7 303 289 0
7 303 282 0
7 303 280 0
7 303 299 0
7 303 296 0
7 303 302 0
7 303 276 0
7 303 283 0
7 303 275 0
7 303 281 0
7 303 271 0
7 303 272 0
7 303 270 0
7 303 286 0
7 303 279 0
7 303 291 0
7 303 293 0
7 303 300 0
7 303 6652 0
7 303 277 0
7 303 287 0
7 303 294 0
7 303 292 0
7 303 298 0
7 303 288 0
7 303 297 0
7 303 278 0
7 304 312 0
7 304 307 0
7 304 318 0
7 304 322 0
7 304 316 0
7 304 315 0
7 304 330 0
7 304 331 0
7 304 326 0
7 304 324 0
7 304 329 0
7 304 327 0
7 304 6784 0
7 304 325 0
7 304 311 0
7 304 313 0
7 304 6788 0
7 304 6785 0
7 304 320 0
7 304 323 0
7 304 328 0
7 304 6787 0
7 304 6786 0
7 304 6645 0
7 304 310 0
7 304 319 0
7 304 321 0
7 304 306 0
7 304 305 0
7 304 317 0
7 304 314 0
7 304 309 0
7 304 308 0
7 305 333 0
7 305 337 0
7 305 336 0
7 305 6779 0
7 305 335 0
7 305 347 0
7 305 349 0
7 305 345 0
7 305 338 0
7 305 342 0
7 305 339 0
7 305 344 0
7 305 351 0
7 305 350 0
7 305 346 0
7 305 355 0
7 305 340 0
7 305 354 0
7 305 357 0
7 305 356 0
7 305 343 0
7 305 6776 0
7 305 341 0
7 305 334 0
7 305 332 0
7 305 353 0
7 305 352 0
7 305 348 0
7 306 364 0
7 306 367 0
7 306 363 0
7 306 362 0
7 306 365 0
7 306 369 0
7 306 358 0
7 306 376 0
7 306 374 0
7 306 372 0
7 306 373 0
7 306 375 0
7 306 371 0
7 306 366 0
7 306 370 0
7 306 379 0
7 306 381 0
7 306 377 0
7 306 382 0
7 306 368 0
7 306 380 0
7 306 361 0
7 306 378 0
7 306 360 0
7 306 359 0
7 307 395 0
7 307 390 0
7 307 385 0
7 307 383 0
7 307 399 0
7 307 392 0
7 307 415 0
7 307 414 0
7 307 398 0
7 307 411 0
7 307 404 0
7 307 412 0
7 307 416 0
7 307 409 0
7 307 401 0
7 307 403 0
7 307 402 0
7 307 397 0
7 307 391 0
7 307 6653 0
7 307 384 0
7 307 407 0
7 307 408 0
7 307 410 0
7 307 413 0
7 307 417 0
7 307 406 0
7 307 405 0
7 307 396 0
7 307 393 0
7 307 394 0
7 307 400 0
7 307 387 0
7 307 386 0
7 307 388 0
7 307 389 0
7 308 425 0
7 308 429 0
7 308 419 0
7 308 418 0
7 308 424 0
7 308 427 0
7 308 438 0
7 308 435 0
7 308 443 0
7 308 441 0
7 308 422 0
7 308 421 0
7 308 423 0
7 308 431 0
7 308 434 0
7 308 436 0
7 308 6740 0
7 308 433 0
7 308 430 0
7 308 426 0
7 308 432 0
7 308 437 0
7 308 440 0
7 308 6654 0
7 308 442 0
7 308 445 0
7 308 444 0
7 308 420 0
7 308 428 0
7 308 439 0
7 309 462 0
7 309 456 0
7 309 458 0
7 309 463 0
7 309 464 0
7 309 467 0
7 309 471 0
7 309 470 0
7 309 472 0
7 309 460 0
7 309 459 0
7 309 455 0
7 309 449 0
7 309 447 0
7 309 446 0
7 309 468 0
7 309 452 0
7 309 450 0
7 309 448 0
7 309 451 0
7 309 466 0
7 309 461 0
7 309 454 0
7 309 453 0
7 309 457 0
7 309 475 0
7 309 474 0
7 309 465 0
7 309 473 0
7 309 469 0
7 310 495 0
7 310 500 0
7 310 494 0
7 310 504 0
7 310 498 0
7 310 501 0
7 310 493 0
7 310 489 0
7 310 491 0
7 310 496 0
7 310 483 0
7 310 481 0
7 310 485 0
7 310 492 0
7 310 479 0
7 310 482 0
7 310 478 0
7 310 503 0
7 310 505 0
7 310 506 0
7 310 488 0
7 310 486 0
7 310 487 0
7 310 484 0
7 310 476 0
7 310 477 0
7 310 502 0
7 310 6655 0
7 310 490 0
7 310 480 0
7 310 497 0
7 310 499 0
7 311 527 0
7 311 528 0
7 311 511 0
7 311 508 0
7 311 507 0
7 311 512 0
7 311 513 0
7 311 518 0
7 311 521 0
7 311 529 0
7 311 532 0
7 311 530 0
7 311 533 0
7 311 531 0
7 311 515 0
7 311 516 0
7 311 522 0
7 311 509 0
7 311 517 0
7 311 510 0
7 311 520 0
7 311 523 0
7 311 526 0
7 311 524 0
7 311 519 0
7 311 525 0
7 311 514 0
7 311 6651 0
7 312 554 0
7 312 550 0
7 312 553 0
7 312 552 0
7 312 556 0
7 312 555 0
7 312 548 0
7 312 549 0
7 312 547 0
7 312 551 0
7 312 538 0
7 312 540 0
7 312 536 0
7 312 546 0
7 312 539 0
7 312 542 0
7 312 544 0
7 312 535 0
7 312 534 0
7 312 543 0
7 312 537 0
7 312 541 0
7 312 545 0
7 313 567 0
7 313 571 0
7 313 569 0
7 313 570 0
7 313 572 0
7 313 568 0
7 313 564 0
7 313 560 0
7 313 563 0
7 313 576 0
7 313 577 0
7 313 575 0
7 313 573 0
7 313 557 0
7 313 565 0
7 313 561 0
7 313 559 0
7 313 562 0
7 313 566 0
7 313 574 0
7 313 558 0
7 314 591 0
7 314 594 0
7 314 588 0
7 314 590 0
7 314 587 0
7 314 583 0
7 314 584 0
7 314 585 0
7 314 580 0
7 314 581 0
7 314 596 0
7 314 597 0
7 314 595 0
7 314 579 0
7 314 586 0
7 314 582 0
7 314 589 0
7 314 592 0
7 314 593 0
7 314 578 0
7 315 6659 0
7 315 598 0
7 315 617 0
7 315 612 0
7 315 611 0
7 315 616 0
7 315 613 0
7 315 615 0
7 315 619 0
7 315 608 0
7 315 609 0
7 315 607 0
7 315 614 0
7 315 605 0
7 315 629 0
7 315 624 0
7 315 627 0
7 315 610 0
7 315 626 0
7 315 623 0
7 315 606 0
7 315 604 0
7 315 600 0
7 315 601 0
7 315 599 0
7 315 602 0
7 315 628 0
7 315 625 0
7 315 630 0
7 315 620 0
7 315 622 0
7 315 618 0
7 315 631 0
7 315 621 0
7 315 603 0
7 316 659 0
7 316 663 0
7 316 637 0
7 316 639 0
7 316 635 0
7 316 638 0
7 316 652 0
7 316 655 0
7 316 649 0
7 316 645 0
7 316 6643 0
7 316 6642 0
7 316 632 0
7 316 633 0
7 316 651 0
7 316 658 0
7 316 653 0
7 316 661 0
7 316 644 0
7 316 641 0
7 316 643 0
7 316 646 0
7 316 642 0
7 316 647 0
7 316 634 0
7 316 6656 0
7 316 657 0
7 316 654 0
7 316 648 0
7 316 650 0
7 316 664 0
7 316 662 0
7 316 636 0
7 316 640 0
7 316 660 0
7 316 656 0
7 317 673 0
7 317 670 0
7 317 676 0
7 317 685 0
7 317 680 0
7 317 679 0
7 317 669 0
7 317 672 0
7 317 682 0
7 317 686 0
7 317 675 0
7 317 678 0
7 317 677 0
7 317 671 0
7 317 667 0
7 317 668 0
7 317 681 0
7 317 689 0
7 317 687 0
7 317 683 0
7 317 688 0
7 317 674 0
7 317 666 0
7 317 684 0
7 317 665 0
7 318 724 0
7 318 722 0
7 318 721 0
7 318 708 0
7 318 711 0
7 318 714 0
7 318 719 0
7 318 716 0
7 318 723 0
7 318 720 0
7 318 725 0
7 318 707 0
7 318 713 0
7 318 694 0
7 318 699 0
7 318 700 0
7 318 712 0
7 318 718 0
7 318 695 0
7 318 690 0
7 318 696 0
7 318 697 0
7 318 698 0
7 318 705 0
7 318 703 0
7 318 706 0
7 318 691 0
7 318 692 0
7 318 693 0
7 318 715 0
7 318 710 0
7 318 717 0
7 318 726 0
7 318 701 0
7 318 702 0
7 318 704 0
7 318 709 0
7 319 738 0
7 319 741 0
7 319 737 0
7 319 740 0
7 319 730 0
7 319 731 0
7 319 743 0
7 319 733 0
7 319 6782 0
7 319 751 0
7 319 6781 0
7 319 732 0
7 319 734 0
7 319 736 0
7 319 6658 0
7 319 729 0
7 319 728 0
7 319 754 0
7 319 753 0
7 319 752 0
7 319 727 0
7 319 746 0
7 319 744 0
7 319 735 0
7 319 745 0
7 319 747 0
7 319 739 0
7 319 750 0
7 319 748 0
7 319 742 0
7 319 749 0
7 320 755 0
7 320 759 0
7 320 766 0
7 320 773 0
7 320 772 0
7 320 762 0
7 320 771 0
7 320 777 0
7 320 774 0
7 320 776 0
7 320 767 0
7 320 758 0
7 320 756 0
7 320 757 0
7 320 761 0
7 320 765 0
7 320 760 0
7 320 768 0
7 320 770 0
7 320 775 0
7 320 763 0
7 320 769 0
7 320 764 0
7 321 800 0
7 321 796 0
7 321 795 0
7 321 793 0
7 321 797 0
7 321 6660 0
7 321 779 0
7 321 782 0
7 321 785 0
7 321 808 0
7 321 809 0
7 321 806 0
7 321 804 0
7 321 788 0
7 321 791 0
7 321 792 0
7 321 780 0
7 321 781 0
7 321 786 0
7 321 789 0
7 321 794 0
7 321 799 0
7 321 798 0
7 321 787 0
7 321 790 0
7 321 802 0
7 321 805 0
7 321 783 0
7 321 778 0
7 321 803 0
7 321 784 0
7 321 801 0
7 321 807 0
7 322 820 0
7 322 832 0
7 322 828 0
7 322 826 0
7 322 6694 0
7 322 831 0
7 322 830 0
7 322 824 0
7 322 822 0
7 322 829 0
7 322 818 0
7 322 825 0
7 322 817 0
7 322 815 0
7 322 811 0
7 322 810 0
7 322 814 0
7 322 812 0
7 322 821 0
7 322 823 0
7 322 816 0
7 322 827 0
7 322 813 0
7 322 819 0
7 323 834 0
7 323 837 0
7 323 845 0
7 323 843 0
7 323 861 0
7 323 860 0
7 323 833 0
7 323 836 0
7 323 835 0
7 323 844 0
7 323 840 0
7 323 852 0
7 323 850 0
7 323 856 0
7 323 855 0
7 323 842 0
7 323 839 0
7 323 846 0
7 323 6712 0
7 323 862 0
7 323 6711 0
7 323 851 0
7 323 848 0
7 323 858 0
7 323 859 0
7 323 854 0
7 323 857 0
7 323 847 0
7 323 841 0
7 323 838 0
7 323 853 0
7 323 849 0
7 324 890 0
7 324 886 0
7 324 889 0
7 324 888 0
7 324 873 0
7 324 870 0
7 324 872 0
7 324 863 0
7 324 864 0
7 324 866 0
7 324 867 0
7 324 883 0
7 324 881 0
7 324 882 0
7 324 885 0
7 324 887 0
7 324 869 0
7 324 865 0
7 324 880 0
7 324 879 0
7 324 876 0
7 324 874 0
7 324 871 0
7 324 878 0
7 324 877 0
7 324 875 0
7 324 884 0
7 324 868 0
7 325 907 0
7 325 911 0
7 325 916 0
7 325 920 0
7 325 919 0
7 325 921 0
7 325 908 0
7 325 914 0
7 325 909 0
7 325 901 0
7 325 904 0
7 325 910 0
7 325 902 0
7 325 900 0
7 325 926 0
7 325 927 0
7 325 925 0
7 325 922 0
7 325 923 0
7 325 893 0
7 325 898 0
7 325 897 0
7 325 917 0
7 325 905 0
7 325 899 0
7 325 891 0
7 325 892 0
7 325 895 0
7 325 913 0
7 325 903 0
7 325 906 0
7 325 894 0
7 325 915 0
7 325 896 0
7 325 924 0
7 325 918 0
7 325 912 0
7 326 928 0
7 326 929 0
7 326 930 0
7 326 941 0
7 326 944 0
7 326 939 0
7 326 935 0
7 326 950 0
7 326 951 0
7 326 936 0
7 326 932 0
7 326 933 0
7 326 942 0
7 326 943 0
7 326 946 0
7 326 934 0
7 326 938 0
7 326 940 0
7 326 931 0
7 326 947 0
7 326 945 0
7 326 949 0
7 326 948 0
7 326 937 0
8 35 3245 13
8 35 3251 17
8 35 3239 20
8 35 3246 16
8 35 3252 13
8 35 3234 16
8 35 3233 17
8 35 3236 16
8 35 3231 19
8 35 3240 15
8 35 3237 16
8 35 3259 16
8 35 3262 16
8 35 3255 15
8 35 3244 15
8 35 3225 13
8 35 3227 23
8 35 3258 13
8 35 3254 12
8 35 3253 13
8 35 3260 15
8 35 3249 15
8 35 3247 13
8 35 3256 12
8 35 3238 16
8 35 3241 14
8 35 3248 15
8 35 3257 14
8 35 3250 13
8 35 3230 18
8 35 3229 12
8 35 3226 11
8 35 3228 14
8 35 3232 13
8 35 3235 20
8 35 3243 13
8 35 3242 18
8 35 3261 13
8 36 3267 12
8 36 3264 16
8 36 3265 16
8 36 3268 16
8 36 3276 11
8 36 3277 12
8 36 3270 10
8 36 3272 12
8 36 3274 11
8 36 3275 11
8 36 3271 19
8 36 3273 11
8 36 3269 18
8 36 3266 11
8 36 3263 9
8 37 3288 19
8 37 3280 12
8 37 3283 14
8 37 3282 11
8 37 3284 16
8 37 3292 11
8 37 3285 10
8 37 3278 12
8 37 3290 13
8 37 3298 18
8 37 3296 18
8 37 3297 15
8 37 3287 11
8 37 3295 12
8 37 3279 10
8 37 3299 11
8 37 3289 14
8 37 3281 12
8 37 3286 11
8 37 3293 15
8 37 3291 14
8 37 3294 13
8 38 3310 38
8 38 3309 29
8 38 3306 28
8 38 3307 25
8 38 3303 22
8 38 3302 22
8 38 3315 27
8 38 3317 19
8 38 3316 30
8 38 3313 29
8 38 3304 20
8 38 3305 22
8 38 3301 20
8 38 3312 23
8 38 3308 20
8 38 3311 22
8 38 3300 20
8 38 3314 23
8 39 3321 28
8 39 3318 24
8 39 3324 32
8 39 3326 31
8 39 3323 24
8 39 3325 32
8 39 3331 16
8 39 3319 26
8 39 3330 21
8 39 3320 24
8 39 3329 24
8 39 3327 22
8 39 3328 27
8 39 3322 27
8 40 3348 11
8 40 3337 15
8 40 3336 19
8 40 3333 17
8 40 3338 12
8 40 3340 11
8 40 3343 11
8 40 3341 10
8 40 3346 10
8 40 3345 14
8 40 3344 10
8 40 3339 14
8 40 3342 10
8 40 3332 8
8 40 3334 10
8 40 3347 13
8 40 3335 13
8 40 3349 16
8 41 3367 14
8 41 3364 14
8 41 3355 20
8 41 3354 15
8 41 3351 19
8 41 3352 16
8 41 3353 16
8 41 3362 18
8 41 3365 18
8 41 3359 15
8 41 3368 21
8 41 3358 21
8 41 3360 16
8 41 3357 21
8 41 3361 24
8 41 3356 18
8 41 3363 17
8 41 3350 11
8 41 3366 17
8 41 3369 17
8 42 3399 12
8 42 3392 13
8 42 3400 12
8 42 3382 10
8 42 3380 9
8 42 3378 10
8 42 3383 16
8 42 3390 12
8 42 3387 14
8 42 3385 14
8 42 3393 10
8 42 3396 13
8 42 3401 14
8 42 3394 18
8 42 3397 15
8 42 3395 11
8 42 3371 17
8 42 3376 10
8 42 3374 10
8 42 3389 11
8 42 3384 9
8 42 3388 23
8 42 3386 35
8 42 3372 11
8 42 3373 12
8 42 3370 13
8 42 3375 11
8 42 3381 9
8 42 3379 13
8 42 3391 13
8 42 3398 12
8 42 3377 12
8 43 3427 10
8 43 3430 11
8 43 3429 9
8 43 3420 11
8 43 3433 8
8 43 3432 9
8 43 3426 10
8 43 3421 10
8 43 3407 9
8 43 3414 10
8 43 3423 11
8 43 3416 12
8 43 3419 11
8 43 3411 9
8 43 3409 10
8 43 3403 14
8 43 3410 9
8 43 3413 9
8 43 3406 8
8 43 3405 7
8 43 3402 9
8 43 3404 9
8 43 3415 10
8 43 3425 11
8 43 3431 11
8 43 3428 14
8 43 3434 12
8 43 3422 10
8 43 3408 9
8 43 3412 10
8 43 3417 8
8 43 3424 7
8 43 3418 11
8 44 3447 13
8 44 3450 12
8 44 3441 9
8 44 3445 12
8 44 3453 11
8 44 3452 12
8 44 3449 20
8 44 3451 16
8 44 3446 10
8 44 3444 11
8 44 3438 7
8 44 3439 10
8 44 3436 8
8 44 3437 8
8 44 6679 8
8 44 3456 11
8 44 3458 8
8 44 3457 12
8 44 3448 13
8 44 3440 10
8 44 3442 9
8 44 3454 8
8 44 3443 7
8 44 3435 10
8 44 3455 9
8 45 3481 19
8 45 3487 24
8 45 3459 15
8 45 3464 10
8 45 3475 13
8 45 3480 21
8 45 3485 11
8 45 3483 13
8 45 3472 14
8 45 3466 10
8 45 3462 10
8 45 3460 13
8 45 3478 15
8 45 3479 13
8 45 3474 13
8 45 3476 10
8 45 3473 13
8 45 3477 13
8 45 3486 14
8 45 3482 10
8 45 3471 15
8 45 3467 12
8 45 3470 12
8 45 3465 14
8 45 3469 13
8 45 3468 12
8 45 3484 13
8 45 3488 10
8 45 3461 12
8 45 3463 13
8 45 3490 10
8 45 3489 15
8 46 3496 5
8 46 3500 5
8 46 3495 4
8 46 3504 6
8 46 3503 3
8 46 3501 7
8 46 3499 5
8 46 3507 4
8 46 3491 5
8 46 3492 6
8 46 3493 5
8 46 3498 6
8 46 3502 6
8 46 3505 5
8 46 3506 6
8 46 3494 4
8 46 3497 6
8 46 3508 5
8 57 3582 40
8 57 3576 32
8 57 3578 35
8 57 3568 32
8 57 3571 23
8 57 3563 26
8 57 3562 43
8 57 3570 39
8 57 3577 38
8 57 3572 26
8 57 3574 34
8 57 3567 26
8 57 3564 23
8 57 3583 34
8 57 3584 21
8 57 3580 39
8 57 3565 39
8 57 3575 24
8 57 3569 38
8 57 3573 45
8 57 3579 31
8 57 3581 24
8 57 3585 36
8 57 3566 24
8 58 3592 62
8 58 3591 86
8 58 3587 83
8 58 3586 64
8 58 3596 47
8 58 3595 59
8 58 3594 65
8 58 3593 59
8 58 3590 79
8 58 3588 47
8 58 3589 57
8 58 6681 71
8 59 3597 142
8 59 3602 74
8 59 3603 90
8 59 3599 75
8 59 3600 77
8 59 3598 100
8 59 3604 122
8 59 3601 99
8 60 3618 50
8 60 3610 35
8 60 3620 34
8 60 3624 25
8 60 3613 31
8 60 3609 51
8 60 3621 26
8 60 3623 29
8 60 3607 36
8 60 6682 42
8 60 3606 26
8 60 3625 39
8 60 3626 25
8 60 3617 25
8 60 3616 44
8 60 3619 43
8 60 3615 31
8 60 3608 25
8 60 3611 37
8 60 3614 31
8 60 3605 35
8 60 3622 29
8 60 3612 25
8 94 4264 42
8 94 4261 45
8 94 6715 45
8 94 4257 39
8 94 4259 41
8 94 4258 40
8 94 4256 38
8 94 4265 39
8 94 4266 36
8 94 4263 42
8 94 4260 41
8 94 4262 34
8 94 6716 37
8 95 4267 47
8 95 4271 41
8 95 4268 55
8 95 4274 48
8 95 4275 39
8 95 4277 49
8 95 4269 45
8 95 4276 61
8 95 4273 43
8 95 4270 40
8 95 4272 50
8 96 4278 40
8 96 4279 48
8 96 4283 39
8 96 4280 51
8 96 4282 40
8 96 4285 34
8 96 4286 31
8 96 4281 33
8 96 4287 39
8 96 4284 39
8 96 4290 33
8 96 4288 49
8 96 4289 41
8 97 4296 47
8 97 4295 50
8 97 4301 52
8 97 4300 44
8 97 4299 55
8 97 4293 44
8 97 4292 35
8 97 4294 45
8 97 4297 52
8 97 4298 44
8 97 4291 51
8 98 4319 43
8 98 4309 27
8 98 4314 22
8 98 4312 22
8 98 4311 26
8 98 4307 26
8 98 4304 21
8 98 4305 24
8 98 4308 17
8 98 4302 22
8 98 4303 21
8 98 4316 20
8 98 4318 19
8 98 4317 18
8 98 4315 20
8 98 4306 26
8 98 4321 34
8 98 4320 30
8 98 4310 28
8 98 4313 21
8 98 4322 24
8 117 4588 116
8 117 4579 126
8 117 4575 109
8 117 4587 118
8 117 4590 110
8 117 4583 127
8 117 4584 113
8 117 4574 116
8 117 4576 135
8 117 4573 117
8 117 4577 115
8 117 4582 115
8 117 4592 132
8 117 4591 105
8 117 4589 107
8 117 4580 109
8 117 4593 98
8 117 4586 83
8 117 4578 207
8 117 4581 155
8 117 4585 118
8 117 4572 111
8 118 4596 238
8 118 4595 129
8 118 4594 145
8 118 4601 201
8 118 4605 182
8 118 4599 264
8 118 4603 253
8 118 6696 152
8 118 4597 117
8 118 4606 140
8 118 6687 151
8 118 4598 179
8 118 4602 171
8 118 4604 200
8 118 4600 122
8 119 4611 178
8 119 4614 211
8 119 4610 180
8 119 4616 209
8 119 4617 145
8 119 4618 199
8 119 4619 160
8 119 4608 159
8 119 4609 154
8 119 4613 187
8 119 4612 237
8 119 4621 115
8 119 4607 181
8 119 4620 111
8 119 4615 220
8 120 4629 242
8 120 4625 204
8 120 4632 180
8 120 4624 170
8 120 4630 174
8 120 4635 166
8 120 4626 183
8 120 4623 210
8 120 4627 196
8 120 4622 226
8 120 4633 170
8 120 4631 182
8 120 4634 159
8 120 4628 183
8 121 4644 227
8 121 4645 240
8 121 4636 244
8 121 4637 236
8 121 4642 216
8 121 4640 280
8 121 4643 315
8 121 4638 234
8 121 4639 306
8 121 4641 350
8 122 4648 288
8 122 4654 241
8 122 4655 261
8 122 4649 195
8 122 4647 224
8 122 4650 337
8 122 4652 220
8 122 4653 242
8 122 4651 232
8 122 4656 186
8 122 4646 221
8 123 4664 198
8 123 4660 133
8 123 6680 191
8 123 4662 133
8 123 4663 149
8 123 6689 132
8 123 4658 129
8 123 6688 143
8 123 4666 210
8 123 4657 175
8 123 4670 132
8 123 4669 117
8 123 4668 127
8 123 4665 200
8 123 4667 211
8 123 4661 119
8 123 4659 146
8 124 4676 84
8 124 4692 112
8 124 4688 143
8 124 4691 119
8 124 4685 111
8 124 4687 134
8 124 4677 82
8 124 4686 102
8 124 4689 120
8 124 4681 157
8 124 4678 128
8 124 4679 109
8 124 4671 159
8 124 4684 124
8 124 4690 93
8 124 4680 107
8 124 4683 83
8 124 4693 117
8 124 4682 118
8 124 4673 125
8 124 4674 118
8 124 4675 107
8 124 4672 87
8 125 4699 257
8 125 4698 220
8 125 4697 230
8 125 4696 194
8 125 4694 187
8 125 4695 205
8 125 4705 170
8 125 4704 181
8 125 4700 317
8 125 4702 211
8 125 4703 211
8 125 4701 262
8 126 4716 126
8 126 4708 334
8 126 4707 164
8 126 4717 227
8 126 4712 156
8 126 4710 214
8 126 4713 112
8 126 4718 175
8 126 4706 148
8 126 4714 165
8 126 4720 139
8 126 4715 184
8 126 4709 170
8 126 4711 171
8 126 4719 160
8 127 4732 206
8 127 4734 209
8 127 4724 181
8 127 4730 204
8 127 4729 173
8 127 4731 184
8 127 4722 146
8 127 4723 203
8 127 4733 250
8 127 4725 212
8 127 4727 233
8 127 4726 176
8 127 4728 145
8 127 4721 124
8 138 4892 293
8 138 4893 226
8 138 4894 237
8 138 4895 244
8 138 4898 148
8 138 4891 376
8 138 4888 212
8 138 4890 169
8 138 4889 200
8 138 4899 230
8 138 4901 147
8 138 4896 310
8 138 4900 206
8 138 4897 238
8 139 4918 109
8 139 4916 212
8 139 4915 199
8 139 4913 236
8 139 4917 158
8 139 4908 157
8 139 4906 172
8 139 4905 165
8 139 4909 137
8 139 4910 175
8 139 4904 176
8 139 4907 185
8 139 4902 156
8 139 4911 128
8 139 4912 147
8 139 4903 150
8 139 4914 184
8 139 6714 249
8 139 6713 136
8 140 4930 200
8 140 4926 247
8 140 4920 348
8 140 4922 251
8 140 4925 221
8 140 4919 351
8 140 4928 211
8 140 4923 298
8 140 4931 197
8 140 4927 193
8 140 4924 220
8 140 4929 172
8 140 4921 327
8 141 4937 203
8 141 4942 392
8 141 4945 188
8 141 4943 224
8 141 4933 252
8 141 4939 187
8 141 4936 257
8 141 4932 199
8 141 4941 270
8 141 4944 266
8 141 4934 206
8 141 4938 214
8 141 4935 183
8 141 4940 195
8 142 4950 295
8 142 4948 346
8 142 4947 327
8 142 4949 245
8 142 4954 210
8 142 4955 203
8 142 4957 234
8 142 4958 178
8 142 4946 270
8 142 4951 239
8 142 4953 213
8 142 4956 254
8 142 4952 223
8 143 4961 174
8 143 4972 126
8 143 4965 155
8 143 4963 144
8 143 4970 169
8 143 4973 211
8 143 4959 136
8 143 4964 236
8 143 4974 136
8 143 4976 136
8 143 4962 224
8 143 4960 175
8 143 4966 204
8 143 4967 190
8 143 4969 171
8 143 4975 137
8 143 4968 156
8 143 4971 237
8 143 4977 118
8 144 6690 163
8 144 4989 214
8 144 4987 267
8 144 4991 187
8 144 4980 174
8 144 4984 251
8 144 4990 261
8 144 4982 189
8 144 4983 162
8 144 4981 162
8 144 4978 192
8 144 4985 203
8 144 4988 282
8 144 4986 270
8 144 4979 259
8 145 5001 209
8 145 4999 200
8 145 4992 184
8 145 4993 295
8 145 4996 276
8 145 4994 237
8 145 4995 228
8 145 6737 215
8 145 6738 206
8 145 4997 370
8 145 5000 215
8 145 4998 196
8 145 5003 193
8 145 5002 213
8 146 5018 250
8 146 5012 271
8 146 5020 140
8 146 5015 176
8 146 5013 194
8 146 5017 187
8 146 5019 190
8 146 5011 157
8 146 5010 308
8 146 5009 187
8 146 5006 136
8 146 5014 183
8 146 5007 236
8 146 5008 132
8 146 5016 196
8 146 5004 147
8 146 5005 145
8 147 5029 174
8 147 5026 184
8 147 5028 201
8 147 5027 211
8 147 5030 169
8 147 5036 202
8 147 5035 190
8 147 5037 175
8 147 5022 195
8 147 5021 259
8 147 5024 183
8 147 5032 191
8 147 5025 177
8 147 5023 180
8 147 5033 203
8 147 5031 167
8 147 5034 172
8 148 5041 233
8 148 5038 271
8 148 5042 289
8 148 5045 170
8 148 5047 193
8 148 5046 169
8 148 5048 305
8 148 6691 287
8 148 5040 316
8 148 5044 180
8 148 5043 317
8 148 5049 215
8 148 5039 291
8 149 5063 241
8 149 5062 209
8 149 5060 240
8 149 5053 213
8 149 5061 239
8 149 5059 178
8 149 5050 286
8 149 5056 214
8 149 5057 270
8 149 5058 278
8 149 5055 216
8 149 5051 226
8 149 5052 229
8 149 5054 197
8 204 5794 94
8 204 5797 100
8 204 5802 114
8 204 5793 51
8 204 5792 81
8 204 5790 115
8 204 5788 82
8 204 5789 59
8 204 5791 84
8 204 5799 73
8 204 5798 66
8 204 5801 77
8 204 5800 87
8 204 5795 68
8 204 5787 55
8 204 5796 81
8 204 5803 67
8 204 5805 67
8 204 5804 56
8 205 5810 67
8 205 5812 74
8 205 5822 56
8 205 5823 61
8 205 5813 172
8 205 5815 71
8 205 5820 90
8 205 5818 132
8 205 5811 139
8 205 5817 55
8 205 5819 50
8 205 5814 69
8 205 5821 96
8 205 5809 60
8 205 5808 64
8 205 5816 104
8 205 5807 67
8 205 5806 55
8 206 5828 93
8 206 5830 75
8 206 5834 80
8 206 5829 86
8 206 5835 98
8 206 5842 65
8 206 5841 86
8 206 5838 97
8 206 5833 91
8 206 5832 84
8 206 5836 57
8 206 5837 66
8 206 5825 59
8 206 5827 70
8 206 5839 59
8 206 5840 65
8 206 5843 61
8 206 5824 57
8 206 5826 72
8 206 5831 58
8 207 5848 66
8 207 5849 128
8 207 5851 88
8 207 5847 99
8 207 5844 84
8 207 5856 135
8 207 6744 143
8 207 5853 100
8 207 5852 111
8 207 5854 85
8 207 5850 90
8 207 5845 110
8 207 5846 134
8 207 5855 109
8 208 5868 82
8 208 5859 82
8 208 5871 93
8 208 5869 130
8 208 5870 94
8 208 5861 76
8 208 5857 92
8 208 5863 84
8 208 5862 83
8 208 5867 74
8 208 5858 87
8 208 5860 114
8 208 5865 80
8 208 5866 147
8 208 5864 164
8 229 6194 127
8 229 6196 188
8 229 6197 164
8 229 6192 133
8 229 6193 175
8 229 6189 121
8 229 6188 172
8 229 6185 118
8 229 6181 117
8 229 6180 107
8 229 6182 124
8 229 6190 117
8 229 6195 113
8 229 6184 117
8 229 6187 138
8 229 6186 133
8 229 6183 121
8 229 6191 166
8 230 6200 276
8 230 6204 261
8 230 6695 340
8 230 6205 269
8 230 6202 336
8 230 6203 304
8 230 6198 243
8 230 6199 214
8 230 6201 215
8 231 6219 103
8 231 6215 106
8 231 6209 125
8 231 6216 162
8 231 6213 145
8 231 6218 203
8 231 6206 145
8 231 6208 170
8 231 6220 166
8 231 6221 104
8 231 6207 114
8 231 6217 163
8 231 6222 138
8 231 6212 109
8 231 6211 146
8 231 6214 115
8 231 6223 94
8 231 6210 146
8 232 6224 189
8 232 6225 175
8 232 6227 178
8 232 6236 200
8 232 6229 162
8 232 6230 155
8 232 6231 180
8 232 6235 216
8 232 6232 176
8 232 6233 208
8 232 6228 225
8 232 6234 183
8 232 6226 209
8 233 6238 154
8 233 6240 152
8 233 6250 150
8 233 6254 151
8 233 6253 129
8 233 6252 139
8 233 6243 121
8 233 6248 140
8 233 6249 109
8 233 6244 110
8 233 6245 169
8 233 6237 110
8 233 6239 101
8 233 6241 110
8 233 6247 190
8 233 6246 183
8 233 6251 115
8 233 6242 118
8 234 6263 290
8 234 6261 331
8 234 6260 230
8 234 6258 170
8 234 6257 273
8 234 6255 184
8 234 6256 357
8 234 6262 163
8 234 6264 279
8 234 6259 181
8 235 6270 209
8 235 6269 217
8 235 6267 271
8 235 6266 190
8 235 6275 149
8 235 6276 152
8 235 6271 169
8 235 6273 176
8 235 6277 161
8 235 6268 215
8 235 6265 158
8 235 6272 205
8 235 6274 182
8 236 6279 168
8 236 6283 240
8 236 6278 229
8 236 6287 180
8 236 6288 154
8 236 6284 173
8 236 6280 186
8 236 6289 205
8 236 6281 225
8 236 6286 174
8 236 6285 308
8 236 6282 214
8 237 6296 175
8 237 6299 229
8 237 6293 163
8 237 6298 245
8 237 6297 172
8 237 6292 317
8 237 6294 265
8 237 6295 179
8 237 6291 271
8 237 6649 220
8 237 6290 220
8 238 6313 157
8 238 6307 135
8 238 6311 142
8 238 6312 219
8 238 6310 136
8 238 6303 123
8 238 6305 138
8 238 6302 163
8 238 6301 138
8 238 6300 115
8 238 6308 124
8 238 6697 170
8 238 6304 142
8 238 6306 156
8 238 6309 145
8 238 6315 121
8 238 6314 131
8 239 6327 167
8 239 6316 186
8 239 6325 147
8 239 6320 218
8 239 6323 260
8 239 6324 162
8 239 6318 220
8 239 6326 259
8 239 6322 197
8 239 6319 257
8 239 6321 165
8 239 6317 218
8 245 6394 120
8 245 6400 128
8 245 6395 122
8 245 6398 120
8 245 6396 175
8 245 6393 146
8 245 6397 150
8 245 6399 96
8 246 6418 55
8 246 6419 61
8 246 6405 68
8 246 6402 36
8 246 6401 37
8 246 6403 70
8 246 6411 48
8 246 6409 61
8 246 6414 52
8 246 6412 58
8 246 6407 63
8 246 6408 39
8 246 6410 53
8 246 6415 64
8 246 6413 44
8 246 6404 68
8 246 6417 78
8 246 6416 53
8 246 6406 42
8 247 6430 77
8 247 6428 74
8 247 6425 70
8 247 6424 70
8 247 6429 80
8 247 6427 105
8 247 6431 91
8 247 6423 69
8 247 6432 98
8 247 6420 59
8 247 6426 65
8 247 6422 51
8 247 6421 52
8 247 6433 94
8 248 6443 73
8 248 6445 76
8 248 6446 85
8 248 6442 86
8 248 6439 78
8 248 6436 79
8 248 6434 81
8 248 6441 74
8 248 6437 106
8 248 6435 81
8 248 6438 76
8 248 6440 85
8 248 6444 72
8 249 6456 79
8 249 6462 64
8 249 6460 65
8 249 6453 76
8 249 6449 66
8 249 6461 61
8 249 6458 51
8 249 6459 73
8 249 6457 41
8 249 6452 84
8 249 6454 65
8 249 6448 84
8 249 6450 62
8 249 6451 49
8 249 6447 64
8 249 6455 68
8 250 6468 49
8 250 6469 53
8 250 6465 60
8 250 6478 62
8 250 6474 49
8 250 6477 44
8 250 6475 62
8 250 6476 66
8 250 6464 45
8 250 6467 44
8 250 6473 83
8 250 6463 91
8 250 6466 58
8 250 6479 70
8 250 6471 84
8 250 6472 55
8 250 6470 79
8 251 6483 72
8 251 6484 78
8 251 6488 76
8 251 6485 85
8 251 6486 88
8 251 6489 84
8 251 6490 98
8 251 6487 90
8 251 6480 73
8 251 6482 78
8 251 6492 77
8 251 6491 79
8 251 6481 77
9 22 2911 11
9 22 2914 11
9 22 2926 10
9 22 2916 13
9 22 2925 6
9 22 2924 6
9 22 2922 6
9 22 2920 10
9 22 2927 9
9 22 2907 5
9 22 2905 6
9 22 2906 6
9 22 2913 6
9 22 2908 5
9 22 2921 5
9 22 2929 6
9 22 2931 5
9 22 2912 6
9 22 2923 6
9 22 2918 6
9 22 2928 6
9 22 2919 5
9 22 2915 6
9 22 2910 6
9 22 2930 7
9 22 2917 8
9 22 2909 6
9 23 2954 16
9 23 2951 13
9 23 2939 12
9 23 2934 10
9 23 2970 8
9 23 2968 12
9 23 2947 16
9 23 2941 9
9 23 2975 7
9 23 2979 7
9 23 2967 9
9 23 2964 12
9 23 2972 8
9 23 2955 12
9 23 2961 22
9 23 2963 9
9 23 2960 7
9 23 2956 11
9 23 2953 11
9 23 6748 11
9 23 2959 12
9 23 6746 9
9 23 2950 9
9 23 2943 8
9 23 2974 9
9 23 2973 10
9 23 2944 12
9 23 2980 7
9 23 2977 7
9 23 2932 14
9 23 2976 11
9 23 2981 8
9 23 2937 7
9 23 2942 7
9 23 2948 10
9 23 2952 10
9 23 2949 8
9 23 2935 8
9 23 2936 10
9 23 2938 7
9 23 2971 10
9 23 6747 10
9 23 6745 11
9 23 2945 9
9 23 2957 8
9 23 2962 7
9 23 2958 11
9 23 2933 15
9 23 2965 13
9 23 2978 13
9 23 2946 11
9 23 2940 8
9 23 2982 9
9 23 2969 9
9 23 2966 9
9 24 2993 5
9 24 3004 9
9 24 6703 9
9 24 3005 8
9 24 2989 7
9 24 2987 5
9 24 2992 7
9 24 2996 7
9 24 2986 6
9 24 2988 13
9 24 2991 6
9 24 2990 8
9 24 2983 9
9 24 2984 6
9 24 2985 7
9 24 3001 10
9 24 3006 5
9 24 3003 6
9 24 6704 8
9 24 2999 9
9 24 2998 8
9 24 2997 9
9 24 3002 7
9 24 3000 9
9 24 2995 6
9 24 2994 9
9 25 3011 10
9 25 3010 7
9 25 3030 12
9 25 3038 11
9 25 3025 12
9 25 3015 12
9 25 3018 13
9 25 3009 9
9 25 3014 7
9 25 3020 8
9 25 3028 7
9 25 3026 7
9 25 3024 13
9 25 3019 8
9 25 3037 10
9 25 3034 11
9 25 3033 9
9 25 3032 11
9 25 3036 12
9 25 3035 12
9 25 3017 16
9 25 3029 7
9 25 3031 8
9 25 3027 14
9 25 3021 9
9 25 3023 17
9 25 3007 9
9 25 3008 7
9 25 3022 7
9 25 3016 8
9 25 3012 8
9 25 3013 7
9 26 3042 6
9 26 3041 8
9 26 3045 9
9 26 3046 6
9 26 3040 8
9 26 3039 7
9 26 3054 8
9 26 3050 7
9 26 3061 9
9 26 3064 9
9 26 3052 8
9 26 3058 8
9 26 3066 10
9 26 3065 11
9 26 3059 9
9 26 3063 9
9 26 3048 7
9 26 3051 7
9 26 3049 9
9 26 3047 10
9 26 3044 7
9 26 3043 7
9 26 3055 7
9 26 3056 6
9 26 3060 7
9 26 3057 7
9 26 3053 8
9 26 3070 7
9 26 3068 7
9 26 3069 10
9 26 3067 12
9 26 3062 7
9 27 3085 13
9 27 3081 17
9 27 3084 9
9 27 3080 10
9 27 6698 16
9 27 3076 8
9 27 3077 10
9 27 3083 10
9 27 3079 13
9 27 3082 13
9 27 3075 8
9 27 3072 8
9 27 3086 10
9 27 3073 15
9 27 3074 9
9 27 3071 10
9 27 3078 11
9 28 3102 0
9 28 3104 0
9 28 3105 0
9 28 3103 0
9 28 3107 0
9 28 3101 0
9 28 3106 0
9 28 3088 0
9 28 3087 0
9 28 3091 0
9 28 3093 0
9 28 3100 0
9 28 3097 0
9 28 3092 0
9 28 3096 0
9 28 3095 0
9 28 3099 0
9 28 3089 0
9 28 3094 0
9 28 3090 0
9 28 6741 0
9 28 3098 0
9 28 6743 0
9 29 3114 0
9 29 3109 0
9 29 3116 0
9 29 3117 0
9 29 3110 0
9 29 3125 0
9 29 3112 0
9 29 3111 0
9 29 3113 0
9 29 3123 0
9 29 3121 0
9 29 3108 0
9 29 3115 0
9 29 3118 0
9 29 3119 0
9 29 3124 0
9 29 3120 0
9 29 3122 0
9 30 6707 15
9 30 3132 12
9 30 3139 16
9 30 3145 13
9 30 3141 11
9 30 3137 13
9 30 3147 13
9 30 3143 13
9 30 3142 8
9 30 3146 13
9 30 3131 10
9 30 3134 10
9 30 3128 10
9 30 3126 12
9 30 3130 11
9 30 6705 15
9 30 3148 14
9 30 3144 13
9 30 3140 10
9 30 3127 9
9 30 3133 16
9 30 3129 14
9 30 3135 9
9 30 3138 9
9 30 3136 16
9 30 3149 18
9 30 6706 12
9 52 3800 7
9 52 3798 5
9 52 3804 5
9 52 3801 7
9 52 3807 6
9 52 3810 4
9 52 3803 4
9 52 3802 4
9 52 3799 5
9 52 3809 5
9 52 3805 4
9 52 3806 5
9 52 3808 4
9 52 3822 5
9 52 3816 5
9 52 3823 6
9 52 3811 5
9 52 3817 7
9 52 3815 8
9 52 3814 7
9 52 3813 6
9 52 3819 5
9 52 3812 4
9 52 3820 6
9 52 3821 6
9 52 3818 6
9 52 3835 5
9 52 3832 6
9 52 3829 7
9 52 3831 5
9 52 3830 5
9 52 3833 9
9 52 3836 8
9 52 3834 10
9 52 3824 5
9 52 3828 7
9 52 3825 6
9 52 3826 6
9 52 3827 5
9 52 3843 4
9 52 3846 5
9 52 3842 7
9 52 3848 6
9 52 3847 6
9 52 3837 8
9 52 3840 6
9 52 3839 5
9 52 3838 6
9 52 3841 8
9 52 3844 5
9 52 3845 5
9 52 3852 7
9 52 3854 6
9 52 3850 8
9 52 3851 5
9 52 3853 5
9 52 3856 4
9 52 3855 5
9 52 3857 4
9 52 3849 5
9 52 3867 8
9 52 3861 8
9 52 3866 5
9 52 3860 6
9 52 3868 6
9 52 3869 8
9 52 3863 9
9 52 3870 6
9 52 3858 7
9 52 3862 6
9 52 3865 6
9 52 3859 9
9 52 3864 7
9 53 6640 0
9 54 6493 7
9 54 6501 4
9 54 6499 6
9 54 6500 6
9 54 6498 6
9 54 6496 8
9 54 6497 5
9 54 6502 14
9 54 6494 6
9 54 6495 5
9 54 6503 5
9 54 6504 6
9 54 6506 4
9 54 6518 6
9 54 6514 5
9 54 6516 8
9 54 6517 5
9 54 6512 7
9 54 6511 7
9 54 6513 7
9 54 6515 5
9 54 6519 10
9 54 6510 6
9 54 6509 10
9 54 6505 5
9 54 6507 4
9 54 6508 6
9 54 6534 6
9 54 6536 6
9 54 6522 9
9 54 6526 5
9 54 6525 5
9 54 6521 5
9 54 6520 8
9 54 6528 8
9 54 6535 5
9 54 6531 7
9 54 6529 5
9 54 6533 4
9 54 6532 4
9 54 6524 5
9 54 6523 5
9 54 6530 4
9 54 6527 4
9 54 6538 9
9 54 6541 7
9 54 6554 5
9 54 6549 5
9 54 6548 5
9 54 6540 4
9 54 6537 6
9 54 6539 6
9 54 6542 6
9 54 6543 5
9 54 6547 4
9 54 6546 6
9 54 6545 4
9 54 6544 8
9 54 6551 4
9 54 6553 5
9 54 6552 4
9 54 6550 11
9 80 4033 41
9 80 4037 24
9 80 4034 57
9 80 4045 27
9 80 4042 30
9 80 4035 37
9 80 4029 26
9 80 4043 28
9 80 4044 31
9 80 4048 33
9 80 4047 34
9 80 4046 33
9 80 4032 39
9 80 4031 25
9 80 4030 27
9 80 4041 27
9 80 4036 39
9 80 4038 33
9 80 4039 31
9 80 4040 23
9 81 4062 37
9 81 4060 36
9 81 4058 41
9 81 4049 57
9 81 4053 38
9 81 4054 42
9 81 4055 38
9 81 4061 41
9 81 4050 35
9 81 4051 45
9 81 4056 59
9 81 4052 47
9 81 4057 34
9 81 4063 38
9 81 4059 62
9 82 4074 63
9 82 4071 65
9 82 4069 58
9 82 4064 54
9 82 4068 50
9 82 4065 68
9 82 4067 60
9 82 4070 70
9 82 4066 54
9 82 4073 59
9 82 4072 51
9 83 4086 60
9 83 4088 45
9 83 4080 40
9 83 4079 64
9 83 4078 36
9 83 4082 43
9 83 4083 40
9 83 4087 66
9 83 4076 37
9 83 4084 61
9 83 4085 42
9 83 4075 37
9 83 4077 40
9 83 4081 39
9 84 4094 54
9 84 4089 46
9 84 4096 57
9 84 4090 61
9 84 4095 41
9 84 4092 56
9 84 4093 89
9 84 4098 49
9 84 4097 50
9 84 4100 39
9 84 4099 43
9 84 4091 66
9 85 4119 27
9 85 4113 39
9 85 4117 39
9 85 4111 33
9 85 4107 31
9 85 4104 48
9 85 4103 29
9 85 4112 30
9 85 4116 27
9 85 4114 30
9 85 4115 28
9 85 4106 33
9 85 4105 40
9 85 4101 26
9 85 4102 42
9 85 4118 30
9 85 4109 43
9 85 4110 33
9 85 4108 41
9 86 4120 59
9 86 4123 123
9 86 4122 58
9 86 4128 68
9 86 4126 70
9 86 4124 62
9 86 4127 97
9 86 4121 60
9 86 4125 57
9 87 4135 75
9 87 4132 79
9 87 4134 71
9 87 4131 82
9 87 4129 112
9 87 4130 89
9 87 4133 147
9 88 4136 0
9 88 4140 0
9 88 4138 0
9 88 4137 0
9 88 4142 0
9 88 4141 0
9 88 4139 0
9 89 4143 0
9 89 4151 0
9 89 4149 0
9 89 4154 0
9 89 4150 0
9 89 4153 0
9 89 4147 0
9 89 4146 0
9 89 4145 0
9 89 4144 0
9 89 4148 0
9 89 4152 0
9 90 4162 0
9 90 4158 0
9 90 4161 0
9 90 4156 0
9 90 4160 0
9 90 4155 0
9 90 4159 0
9 90 4157 0
9 91 4163 0
9 91 4167 0
9 91 4164 0
9 91 4165 0
9 91 4168 0
9 91 4166 0
9 92 4171 0
9 92 4170 0
9 92 4174 0
9 92 4176 0
9 92 4179 0
9 92 4175 0
9 92 4172 0
9 92 4173 0
9 92 4180 0
9 92 4178 0
9 92 4177 0
9 92 4169 0
9 93 4181 0
9 93 4184 0
9 93 4182 0
9 93 4188 0
9 93 4189 0
9 93 4185 0
9 93 4183 0
9 93 4186 0
9 93 4187 0
9 111 4504 93
9 111 4508 111
9 111 4506 68
9 111 4510 62
9 111 4505 101
9 111 4499 63
9 111 4501 78
9 111 4511 54
9 111 4502 55
9 111 4507 74
9 111 4500 82
9 111 4498 50
9 111 4503 98
9 111 4497 53
9 111 4509 89
9 112 4516 93
9 112 4522 121
9 112 4513 120
9 112 4512 106
9 112 4514 116
9 112 4515 94
9 112 4517 106
9 112 4519 97
9 112 4518 84
9 112 4520 115
9 112 4521 83
9 113 4531 137
9 113 4527 86
9 113 4529 142
9 113 4530 112
9 113 4523 134
9 113 4528 66
9 113 4526 172
9 113 4532 99
9 113 4525 106
9 113 4524 80
9 114 4542 81
9 114 4539 106
9 114 4538 64
9 114 4537 72
9 114 4540 70
9 114 4535 51
9 114 4545 51
9 114 4534 83
9 114 4533 69
9 114 4543 78
9 114 4541 78
9 114 4536 87
9 114 4547 125
9 114 4546 64
9 114 4544 52
9 115 4557 64
9 115 4559 61
9 115 4549 63
9 115 4551 112
9 115 4558 81
9 115 4553 110
9 115 4555 60
9 115 4556 64
9 115 4561 71
9 115 4550 64
9 115 4548 93
9 115 4562 83
9 115 4560 62
9 115 4554 65
9 115 4552 77
9 116 4563 150
9 116 4570 79
9 116 4571 139
9 116 4569 159
9 116 4567 185
9 116 4566 90
9 116 4568 83
9 116 4565 110
9 116 4564 138
9 209 5916 31
9 209 5923 27
9 209 5920 30
9 209 5911 34
9 209 5912 28
9 209 5913 30
9 209 5917 40
9 209 5914 35
9 209 5922 35
9 209 5921 31
9 209 5915 32
9 209 5919 37
9 209 5924 33
9 209 5918 33
9 210 5925 34
9 210 5927 26
9 210 5926 42
9 210 5932 29
9 210 5934 30
9 210 5933 38
9 210 5937 28
9 210 5938 41
9 210 5935 35
9 210 5928 28
9 210 5929 33
9 210 5931 26
9 210 5936 35
9 210 5930 30
9 211 5962 20
9 211 5946 18
9 211 5943 21
9 211 5939 15
9 211 5951 17
9 211 5950 20
9 211 5956 17
9 211 5948 20
9 211 5944 20
9 211 5940 23
9 211 5961 18
9 211 5960 19
9 211 5958 14
9 211 5959 22
9 211 5945 14
9 211 5955 26
9 211 5957 24
9 211 5942 16
9 211 5947 15
9 211 5941 15
9 211 5952 21
9 211 5953 19
9 211 5949 19
9 211 5954 19
9 212 5970 37
9 212 5963 27
9 212 5976 29
9 212 5975 41
9 212 5973 30
9 212 5972 34
9 212 5965 22
9 212 5967 30
9 212 5964 29
9 212 5968 38
9 212 5971 33
9 212 5969 43
9 212 5966 26
9 212 5974 36
9 213 5978 86
9 213 5977 98
9 213 5981 74
9 213 5980 105
9 213 5979 97
10 327 6798 0
10 327 6792 0
10 327 6796 0
10 327 6797 0
10 327 6800 0
10 327 6799 0
10 327 6793 0
10 327 6794 0
10 327 6795 0
10 328 6814 0
10 328 6817 0
10 328 6811 0
10 328 6816 0
10 328 6803 0
10 328 6815 0
10 328 6804 0
10 328 6807 0
10 328 6809 0
10 328 6806 0
10 328 6808 0
10 328 6801 0
10 328 6805 0
10 328 6802 0
10 328 6810 0
10 328 6813 0
10 328 6812 0
10 329 6827 0
10 329 6832 0
10 329 6831 0
10 329 6830 0
10 329 6829 0
10 329 6826 0
10 329 6819 0
10 329 6818 0
10 329 6823 0
10 329 6825 0
10 329 6824 0
10 329 6822 0
10 329 6820 0
10 329 6821 0
10 329 6828 0
10 330 6839 0
10 330 6845 0
10 330 6846 0
10 330 6841 0
10 330 6842 0
10 330 6838 0
10 330 6843 0
10 330 6835 0
10 330 6834 0
10 330 6833 0
10 330 6836 0
10 330 7197 0
10 330 6837 0
10 330 6844 0
10 330 6840 0
10 331 6860 0
10 331 6859 0
10 331 6856 0
10 331 6849 0
10 331 6861 0
10 331 6852 0
10 331 6863 0
10 331 6858 0
10 331 6866 0
10 331 6853 0
10 331 6854 0
10 331 6847 0
10 331 6850 0
10 331 6851 0
10 331 6865 0
10 331 6864 0
10 331 6848 0
10 331 6857 0
10 331 6862 0
10 331 6855 0
10 332 6873 0
10 332 6871 0
10 332 6882 0
10 332 6870 0
10 332 6875 0
10 332 6869 0
10 332 6874 0
10 332 6881 0
10 332 6883 0
10 332 6878 0
10 332 6872 0
10 332 7198 0
10 332 6867 0
10 332 6868 0
10 332 6876 0
10 332 6879 0
10 332 6880 0
10 332 6877 0
10 333 6904 0
10 333 6907 0
10 333 6902 0
10 333 6903 0
10 333 6908 0
10 333 6901 0
10 333 7199 0
10 333 6906 0
10 333 6905 0
10 334 6919 0
10 334 6917 0
10 334 6916 0
10 334 6922 0
10 334 6909 0
10 334 6910 0
10 334 6913 0
10 334 6914 0
10 334 6923 0
10 334 6915 0
10 334 6911 0
10 334 6912 0
10 334 6918 0
10 334 6920 0
10 334 6921 0
10 334 6924 0
10 335 6929 0
10 335 6936 0
10 335 6946 0
10 335 6943 0
10 335 6947 0
10 335 6931 0
10 335 6932 0
10 335 6930 0
10 335 6927 0
10 335 6926 0
10 335 6942 0
10 335 6945 0
10 335 6933 0
10 335 6948 0
10 335 6938 0
10 335 6939 0
10 335 6940 0
10 335 7196 0
10 335 6935 0
10 335 6928 0
10 335 6934 0
10 335 6925 0
10 335 6941 0
10 335 6937 0
10 335 6944 0
10 336 6976 0
10 336 6962 0
10 336 6973 0
10 336 6974 0
10 336 6964 0
10 336 6972 0
10 336 6950 0
10 336 6965 0
10 336 6961 0
10 336 6960 0
10 336 6963 0
10 336 6968 0
10 336 6966 0
10 336 6953 0
10 336 6978 0
10 336 6971 0
10 336 6955 0
10 336 6952 0
10 336 6954 0
10 336 6958 0
10 336 6956 0
10 336 6951 0
10 336 6957 0
10 336 6979 0
10 336 6959 0
10 336 6949 0
10 336 6969 0
10 336 6975 0
10 336 6970 0
10 336 6967 0
10 336 6977 0
10 337 6994 0
10 337 6995 0
10 337 6983 0
10 337 6982 0
10 337 6993 0
10 337 6981 0
10 337 6991 0
10 337 6992 0
10 337 6984 0
10 337 6985 0
10 337 6987 0
10 337 6988 0
10 337 6980 0
10 337 7195 0
10 337 6989 0
10 337 6997 0
10 337 6990 0
10 337 6986 0
10 337 6996 0
10 338 7003 0
10 338 7001 0
10 338 7000 0
10 338 7012 0
10 338 7013 0
10 338 7004 0
10 338 7014 0
10 338 7010 0
10 338 6998 0
10 338 7005 0
10 338 7009 0
10 338 7008 0
10 338 7007 0
10 338 7006 0
10 338 7002 0
10 338 6999 0
10 338 7011 0
10 338 7016 0
10 338 7015 0
10 339 7031 0
10 339 7029 0
10 339 7028 0
10 339 7025 0
10 339 7020 0
10 339 7023 0
10 339 7018 0
10 339 7022 0
10 339 7026 0
10 339 7017 0
10 339 7030 0
10 339 7027 0
10 339 7019 0
10 339 7024 0
10 339 7021 0
10 340 7181 0
10 340 7201 0
10 340 7190 0
10 340 7186 0
10 340 7180 0
10 340 7185 0
10 340 7173 0
10 340 7177 0
10 340 7159 0
10 340 7153 0
10 340 7164 0
10 340 7184 0
10 340 7188 0
10 340 7172 0
10 340 7176 0
10 340 7170 0
10 340 7191 0
10 340 7200 0
10 340 7189 0
10 340 7163 0
10 340 7166 0
10 340 7157 0
10 340 7146 0
10 340 7171 0
10 340 7168 0
10 340 7150 0
10 340 7147 0
10 340 7160 0
10 340 7152 0
10 340 7154 0
10 340 7162 0
10 340 7151 0
10 340 7174 0
10 340 7169 0
10 340 7178 0
10 340 7175 0
10 340 7148 0
10 340 7149 0
10 340 7187 0
10 340 7179 0
10 340 7161 0
10 340 7167 0
10 340 7183 0
10 340 7182 0
10 340 7158 0
10 340 7156 0
10 340 7155 0
10 340 7165 0
10 341 7036 0
10 341 7043 0
10 341 7033 0
10 341 7035 0
10 341 7034 0
10 341 7059 0
10 341 7060 0
10 341 7056 0
10 341 7058 0
10 341 7050 0
10 341 7047 0
10 341 7051 0
10 341 7048 0
10 341 7044 0
10 341 7040 0
10 341 7054 0
10 341 7046 0
10 341 7052 0
10 341 7053 0
10 341 7057 0
10 341 7032 0
10 341 7062 0
10 341 7061 0
10 341 7045 0
10 341 7037 0
10 341 7039 0
10 341 7042 0
10 341 7049 0
10 341 7055 0
10 341 7038 0
10 341 7041 0
10 342 7071 0
10 342 7082 0
10 342 7086 0
10 342 7073 0
10 342 7072 0
10 342 7088 0
10 342 7089 0
10 342 7077 0
10 342 7075 0
10 342 7083 0
10 342 7074 0
10 342 7070 0
10 342 7080 0
10 342 7087 0
10 342 7090 0
10 342 7091 0
10 342 7069 0
10 342 7081 0
10 342 7078 0
10 342 7092 0
10 342 7079 0
10 342 7084 0
10 342 7085 0
10 342 7076 0
10 343 7100 0
10 343 7096 0
10 343 7093 0
10 343 7097 0
10 343 7094 0
10 343 7099 0
10 343 7098 0
10 343 7101 0
10 343 7095 0
10 344 7103 0
10 344 7102 0
10 344 7105 0
10 344 7113 0
10 344 7109 0
10 344 7112 0
10 344 7110 0
10 344 7111 0
10 344 7114 0
10 344 7106 0
10 344 7107 0
10 344 7108 0
10 344 7104 0
10 345 7123 0
10 345 7124 0
10 345 7115 0
10 345 7116 0
10 345 7117 0
10 345 7121 0
10 345 7118 0
10 345 7120 0
10 345 7122 0
10 345 7119 0
10 345 7125 0
10 346 7131 0
10 346 7139 0
10 346 7137 0
10 346 7140 0
10 346 7133 0
10 346 7136 0
10 346 7130 0
10 346 7128 0
10 346 7126 0
10 346 7142 0
10 346 7144 0
10 346 7145 0
10 346 7141 0
10 346 7129 0
10 346 7138 0
10 346 7127 0
10 346 7143 0
10 346 7135 0
10 346 7134 0
10 346 7132 0
10 347 7194 0
10 347 6887 0
10 347 6894 0
10 347 6888 0
10 347 6893 0
10 347 6898 0
10 347 6897 0
10 347 6900 0
10 347 6889 0
10 347 6890 0
10 347 6895 0
10 347 7192 0
10 347 6885 0
10 347 6896 0
10 347 6884 0
10 347 6892 0
10 347 6891 0
10 347 6899 0
10 347 6886 0
10 348 7068 0
10 348 7067 0
10 348 7065 0
10 348 7064 0
10 348 7063 0
10 348 7193 0
10 348 7066 0
