1 1 2424 0
1 1 2425 0
1 1 2423 0
1 1 2419 0
1 1 2418 0
1 1 2420 0
1 1 6767 0
1 1 2428 0
1 1 2422 0
1 1 2421 0
1 1 2426 0
1 1 2427 0
1 2 2440 0
1 2 2436 0
1 2 2435 0
1 2 2439 0
1 2 2443 0
1 2 2434 0
1 2 2446 0
1 2 2431 0
1 2 2445 0
1 2 2441 0
1 2 2442 0
1 2 2437 0
1 2 2430 0
1 2 6669 0
1 2 2444 0
1 2 2429 0
1 2 2432 0
1 2 2433 0
1 2 2438 0
1 3 2458 0
1 3 2455 0
1 3 2447 0
1 3 2448 0
1 3 2449 0
1 3 2456 0
1 3 2459 0
1 3 2454 0
1 3 2461 0
1 3 2463 0
1 3 2462 0
1 3 2451 0
1 3 2460 0
1 3 2452 0
1 3 6768 0
1 3 6670 0
1 3 2453 0
1 3 2457 0
1 3 2450 0
1 4 2478 0
1 4 2474 0
1 4 2473 0
1 4 2470 0
1 4 2466 0
1 4 2465 0
1 4 2484 0
1 4 2476 0
1 4 2479 0
1 4 2469 0
1 4 2475 0
1 4 2472 0
1 4 2485 0
1 4 2486 0
1 4 2487 0
1 4 2481 0
1 4 2464 0
1 4 2471 0
1 4 2468 0
1 4 2477 0
1 4 2467 0
1 4 2483 0
1 4 2480 0
1 4 2482 0
1 5 2499 0
1 5 2496 0
1 5 2495 0
1 5 2493 0
1 5 2497 0
1 5 2500 0
1 5 2488 0
1 5 2489 0
1 5 2492 0
1 5 2490 0
1 5 2498 0
1 5 2502 0
1 5 2491 0
1 5 2501 0
1 5 2494 0
1 47 4195 0
1 47 4193 0
1 47 4194 0
1 47 4192 0
1 47 4196 0
1 47 4191 0
1 47 4190 0
1 47 4200 0
1 47 4202 0
1 47 4198 0
1 47 4203 0
1 47 4205 0
1 47 4206 0
1 47 4197 0
1 47 4207 0
1 47 4201 0
1 47 4204 0
1 47 4199 0
1 47 4210 0
1 47 4212 0
1 47 4217 0
1 47 4215 0
1 47 4213 0
1 47 4218 0
1 47 4219 0
1 47 4214 0
1 47 4216 0
1 47 4209 0
1 47 4208 0
1 47 4211 0
1 47 4228 0
1 47 4230 0
1 47 4222 0
1 47 4221 0
1 47 4229 0
1 47 4225 0
1 47 4220 0
1 47 4224 0
1 47 4223 0
1 47 4226 0
1 47 4227 0
1 47 4232 0
1 47 4231 0
1 47 4239 0
1 47 4236 0
1 47 4238 0
1 47 4240 0
1 47 4235 0
1 47 4234 0
1 47 4241 0
1 47 4242 0
1 47 4233 0
1 47 4237 0
1 47 4243 0
1 47 4244 0
1 47 4247 0
1 47 4246 0
1 47 4245 0
1 47 4252 0
1 47 4253 0
1 47 4251 0
1 47 4249 0
1 47 4250 0
1 47 4254 0
1 47 4255 0
1 47 4248 0
1 48 5575 0
1 48 5576 0
1 48 5577 0
1 48 5578 0
1 48 5581 0
1 48 5579 0
1 48 5580 0
1 48 5582 0
1 48 5584 0
1 48 5589 0
1 48 5591 0
1 48 5588 0
1 48 5587 0
1 48 5583 0
1 48 5590 0
1 48 5585 0
1 48 5592 0
1 48 5586 0
1 48 5593 0
1 48 5595 0
1 48 5599 0
1 48 5596 0
1 48 5597 0
1 48 5594 0
1 48 5598 0
1 48 5603 0
1 48 5606 0
1 48 5600 0
1 48 5605 0
1 48 5602 0
1 48 5601 0
1 48 5604 0
1 48 5614 0
1 48 5613 0
1 48 5610 0
1 48 5608 0
1 48 5612 0
1 48 5611 0
1 48 5609 0
1 48 5607 0
1 277 6700 0
1 277 6699 0
1 277 1647 0
1 277 1644 0
1 277 1662 0
1 277 1642 0
1 277 1641 0
1 277 1660 0
1 277 1658 0
1 277 1656 0
1 277 1659 0
1 277 1639 0
1 277 1643 0
1 277 1649 0
1 277 1648 0
1 277 1640 0
1 277 1652 0
1 277 1657 0
1 277 1661 0
1 277 1651 0
1 277 1654 0
1 277 1638 0
1 277 1646 0
1 277 1655 0
1 277 1645 0
1 277 1653 0
1 277 1650 0
1 278 1687 0
1 278 1663 0
1 278 1666 0
1 278 1670 0
1 278 1671 0
1 278 1676 0
1 278 1686 0
1 278 1678 0
1 278 1664 0
1 278 1669 0
1 278 1672 0
1 278 1675 0
1 278 1689 0
1 278 1665 0
1 278 1679 0
1 278 1667 0
1 278 1668 0
1 278 1677 0
1 278 1673 0
1 278 1681 0
1 278 1688 0
1 278 1690 0
1 278 1684 0
1 278 1682 0
1 278 1674 0
1 278 1683 0
1 278 1685 0
1 278 1680 0
1 278 6751 0
1 279 1711 0
1 279 1714 0
1 279 1708 0
1 279 1704 0
1 279 1709 0
1 279 1698 0
1 279 1692 0
1 279 1710 0
1 279 1713 0
1 279 1712 0
1 279 1705 0
1 279 1700 0
1 279 1703 0
1 279 1702 0
1 279 1716 0
1 279 1718 0
1 279 1697 0
1 279 1695 0
1 279 1693 0
1 279 1707 0
1 279 1715 0
1 279 1720 0
1 279 1717 0
1 279 1691 0
1 279 1699 0
1 279 1706 0
1 279 1701 0
1 279 1719 0
1 279 1694 0
1 279 1696 0
1 280 1736 0
1 280 1731 0
1 280 1721 0
1 280 1734 0
1 280 1727 0
1 280 1732 0
1 280 1741 0
1 280 1743 0
1 280 1742 0
1 280 1733 0
1 280 1738 0
1 280 1740 0
1 280 1737 0
1 280 1728 0
1 280 1726 0
1 280 1730 0
1 280 1729 0
1 280 1735 0
1 280 1724 0
1 280 1722 0
1 280 1723 0
1 280 1725 0
1 280 1739 0
1 281 1751 0
1 281 1746 0
1 281 1754 0
1 281 1759 0
1 281 1756 0
1 281 1747 0
1 281 1748 0
1 281 1744 0
1 281 1775 0
1 281 1777 0
1 281 1778 0
1 281 1745 0
1 281 1764 0
1 281 1767 0
1 281 1765 0
1 281 1779 0
1 281 1776 0
1 281 1755 0
1 281 1758 0
1 281 1761 0
1 281 1774 0
1 281 1771 0
1 281 1772 0
1 281 1769 0
1 281 1749 0
1 281 1773 0
1 281 1768 0
1 281 1770 0
1 281 1757 0
1 281 1766 0
1 281 1760 0
1 281 1762 0
1 281 1750 0
1 281 1752 0
1 281 1763 0
1 281 1753 0
2 6 2509 0
2 6 2507 0
2 6 2505 0
2 6 2518 0
2 6 2504 0
2 6 2506 0
2 6 2508 0
2 6 2515 0
2 6 2512 0
2 6 2511 0
2 6 2510 0
2 6 2503 0
2 6 2513 0
2 6 2517 0
2 6 2514 0
2 6 2516 0
2 7 2543 0
2 7 2542 0
2 7 2541 0
2 7 2536 0
2 7 2531 0
2 7 2523 0
2 7 2522 0
2 7 2521 0
2 7 2519 0
2 7 2520 0
2 7 2530 0
2 7 2529 0
2 7 2535 0
2 7 2540 0
2 7 2533 0
2 7 2534 0
2 7 2538 0
2 7 2539 0
2 7 2524 0
2 7 2526 0
2 7 2537 0
2 7 2525 0
2 7 2532 0
2 7 2527 0
2 7 2528 0
2 8 2550 0
2 8 2546 0
2 8 2551 0
2 8 2547 0
2 8 2545 0
2 8 2553 0
2 8 2548 0
2 8 2557 0
2 8 2561 0
2 8 2555 0
2 8 2552 0
2 8 2556 0
2 8 2554 0
2 8 2544 0
2 8 2558 0
2 8 2560 0
2 8 2549 0
2 8 2559 0
2 9 2562 0
2 9 2563 0
2 9 2564 0
2 9 2572 0
2 9 2571 0
2 9 2574 0
2 9 2570 0
2 9 2569 0
2 9 2567 0
2 9 2575 0
2 9 2577 0
2 9 2565 0
2 9 2566 0
2 9 2576 0
2 9 2579 0
2 9 2580 0
2 9 2568 0
2 9 2573 0
2 9 2578 0
2 49 3729 0
2 49 3730 0
2 49 3717 0
2 49 3728 0
2 49 3721 0
2 49 3722 0
2 49 3723 0
2 49 3724 0
2 49 3718 0
2 49 3720 0
2 49 3719 0
2 49 3727 0
2 49 3725 0
2 49 3726 0
2 49 3743 0
2 49 3740 0
2 49 3746 0
2 49 3742 0
2 49 3745 0
2 49 3733 0
2 49 3732 0
2 49 3736 0
2 49 3737 0
2 49 3731 0
2 49 3734 0
2 49 3738 0
2 49 3741 0
2 49 3744 0
2 49 3735 0
2 49 3739 0
2 49 3770 0
2 49 3771 0
2 49 3763 0
2 49 3762 0
2 49 3759 0
2 49 3766 0
2 49 3778 0
2 49 3765 0
2 49 3764 0
2 49 3769 0
2 49 3767 0
2 49 3775 0
2 49 3773 0
2 49 3776 0
2 49 3774 0
2 49 3777 0
2 49 3779 0
2 49 3772 0
2 49 3760 0
2 49 3761 0
2 49 3768 0
2 50 3700 0
2 50 3704 0
2 50 3705 0
2 50 3710 0
2 50 3708 0
2 50 3712 0
2 50 3711 0
2 50 3709 0
2 50 3713 0
2 50 3715 0
2 50 3716 0
2 50 3707 0
2 50 3706 0
2 50 3714 0
2 50 3701 0
2 50 3703 0
2 50 3702 0
2 50 3748 0
2 50 3751 0
2 50 3755 0
2 50 3754 0
2 50 3752 0
2 50 3758 0
2 50 3753 0
2 50 3750 0
2 50 3747 0
2 50 3749 0
2 50 3756 0
2 50 3757 0
2 50 3782 0
2 50 3781 0
2 50 3790 0
2 50 3791 0
2 50 3783 0
2 50 3780 0
2 50 3789 0
2 50 3788 0
2 50 3784 0
2 50 3797 0
2 50 3787 0
2 50 3785 0
2 50 3786 0
2 50 3796 0
2 50 3795 0
2 50 3794 0
2 50 3792 0
2 50 3793 0
2 66 3877 0
2 66 3873 0
2 66 3872 0
2 66 3876 0
2 66 3881 0
2 66 3882 0
2 66 3874 0
2 66 3875 0
2 66 3880 0
2 66 3879 0
2 66 3878 0
2 66 3871 0
2 67 3892 0
2 67 3890 0
2 67 3889 0
2 67 3883 0
2 67 3884 0
2 67 3885 0
2 67 3886 0
2 67 3888 0
2 67 3887 0
2 67 3891 0
2 68 3895 0
2 68 3897 0
2 68 3901 0
2 68 3903 0
2 68 3896 0
2 68 3894 0
2 68 3900 0
2 68 3898 0
2 68 3902 0
2 68 3904 0
2 68 3905 0
2 68 3899 0
2 68 3893 0
2 69 3909 0
2 69 3912 0
2 69 3913 0
2 69 3907 0
2 69 3908 0
2 69 3906 0
2 69 3911 0
2 69 3910 0
2 70 3914 0
2 70 3919 0
2 70 3918 0
2 70 3920 0
2 70 3917 0
2 70 3915 0
2 70 3916 0
2 71 3931 0
2 71 3928 0
2 71 3923 0
2 71 3930 0
2 71 3933 0
2 71 3927 0
2 71 3925 0
2 71 3924 0
2 71 3926 0
2 71 3929 0
2 71 3921 0
2 71 3934 0
2 71 3922 0
2 71 3932 0
2 150 5066 0
2 150 5070 0
2 150 5064 0
2 150 5072 0
2 150 5071 0
2 150 6739 0
2 150 5073 0
2 150 5074 0
2 150 5069 0
2 150 5068 0
2 150 5067 0
2 150 5065 0
2 151 5088 0
2 151 5082 0
2 151 5076 0
2 151 5085 0
2 151 5087 0
2 151 5083 0
2 151 5080 0
2 151 5084 0
2 151 5086 0
2 151 5077 0
2 151 5078 0
2 151 5075 0
2 151 5081 0
2 151 5079 0
2 152 5096 0
2 152 5094 0
2 152 5097 0
2 152 5089 0
2 152 5091 0
2 152 5095 0
2 152 5093 0
2 152 5092 0
2 152 5090 0
2 153 5099 0
2 153 5105 0
2 153 5103 0
2 153 5102 0
2 153 5101 0
2 153 5104 0
2 153 5106 0
2 153 5098 0
2 153 5100 0
2 154 5110 0
2 154 5109 0
2 154 5107 0
2 154 5117 0
2 154 5118 0
2 154 5121 0
2 154 5123 0
2 154 5111 0
2 154 5113 0
2 154 5112 0
2 154 5114 0
2 154 5120 0
2 154 5119 0
2 154 5122 0
2 154 5108 0
2 154 6729 0
2 154 5116 0
2 154 5115 0
2 155 5131 0
2 155 5129 0
2 155 5132 0
2 155 5135 0
2 155 5136 0
2 155 5133 0
2 155 5124 0
2 155 5125 0
2 155 5126 0
2 155 5127 0
2 155 5128 0
2 155 5134 0
2 155 5130 0
2 156 5149 0
2 156 5144 0
2 156 5143 0
2 156 5145 0
2 156 5142 0
2 156 5147 0
2 156 5151 0
2 156 5152 0
2 156 5140 0
2 156 5138 0
2 156 5139 0
2 156 5141 0
2 156 5146 0
2 156 5148 0
2 156 5137 0
2 156 5153 0
2 156 5150 0
2 157 5154 0
2 157 5159 0
2 157 5160 0
2 157 5158 0
2 157 5157 0
2 157 5161 0
2 157 5156 0
2 157 5155 0
2 158 5165 0
2 158 5162 0
2 158 5167 0
2 158 5168 0
2 158 5163 0
2 158 6742 0
2 158 5164 0
2 158 5166 0
2 159 5176 0
2 159 5172 0
2 159 5175 0
2 159 5171 0
2 159 5174 0
2 159 5173 0
2 159 5170 0
2 159 5182 0
2 159 5183 0
2 159 5180 0
2 159 5181 0
2 159 5169 0
2 159 5184 0
2 159 5179 0
2 159 5178 0
2 159 5177 0
2 159 5185 0
2 160 5194 0
2 160 5195 0
2 160 5197 0
2 160 5188 0
2 160 5193 0
2 160 5189 0
2 160 5192 0
2 160 5198 0
2 160 5199 0
2 160 5186 0
2 160 5191 0
2 160 5187 0
2 160 5190 0
2 160 5196 0
2 160 5200 0
2 161 5211 0
2 161 5210 0
2 161 5213 0
2 161 5206 0
2 161 5207 0
2 161 5212 0
2 161 5205 0
2 161 5208 0
2 161 5209 0
2 161 5204 0
2 161 5214 0
2 161 5201 0
2 161 5203 0
2 161 5202 0
2 258 954 0
2 258 956 0
2 258 952 0
2 258 965 0
2 258 960 0
2 258 958 0
2 258 955 0
2 258 982 0
2 258 957 0
2 258 964 0
2 258 953 0
2 258 970 0
2 258 961 0
2 258 973 0
2 258 980 0
2 258 978 0
2 258 968 0
2 258 962 0
2 258 967 0
2 258 974 0
2 258 977 0
2 258 972 0
2 258 969 0
2 258 971 0
2 258 963 0
2 258 976 0
2 258 984 0
2 258 983 0
2 258 966 0
2 258 959 0
2 258 979 0
2 258 981 0
2 258 985 0
2 258 975 0
2 258 986 0
2 259 1007 0
2 259 1003 0
2 259 996 0
2 259 995 0
2 259 993 0
2 259 994 0
2 259 991 0
2 259 992 0
2 259 1009 0
2 259 1008 0
2 259 1010 0
2 259 990 0
2 259 1005 0
2 259 1006 0
2 259 1002 0
2 259 1004 0
2 259 1001 0
2 259 1000 0
2 259 998 0
2 259 987 0
2 259 989 0
2 259 988 0
2 259 997 0
2 259 999 0
2 259 1011 0
2 259 1012 0
2 260 1031 0
2 260 1027 0
2 260 1029 0
2 260 1060 0
2 260 1057 0
2 260 1056 0
2 260 1046 0
2 260 1048 0
2 260 1051 0
2 260 1058 0
2 260 1059 0
2 260 1023 0
2 260 1025 0
2 260 1024 0
2 260 1013 0
2 260 1014 0
2 260 1016 0
2 260 1026 0
2 260 1053 0
2 260 1043 0
2 260 1050 0
2 260 1054 0
2 260 1049 0
2 260 6760 0
2 260 6770 0
2 260 6772 0
2 260 1015 0
2 260 6773 0
2 260 1020 0
2 260 6771 0
2 260 1038 0
2 260 1042 0
2 260 1018 0
2 260 1052 0
2 260 1039 0
2 260 1041 0
2 260 1030 0
2 260 1032 0
2 260 1036 0
2 260 1021 0
2 260 6774 0
2 260 1028 0
2 260 1040 0
2 260 1019 0
2 260 1033 0
2 260 1034 0
2 260 1017 0
2 260 1022 0
2 260 1055 0
2 260 1047 0
2 260 1044 0
2 260 1035 0
2 260 1061 0
2 260 1037 0
2 260 1045 0
2 260 1062 0
2 260 6775 0
2 261 1085 0
2 261 1089 0
2 261 1084 0
2 261 1077 0
2 261 1079 0
2 261 1088 0
2 261 1072 0
2 261 1087 0
2 261 1076 0
2 261 1078 0
2 261 1063 0
2 261 1067 0
2 261 1065 0
2 261 1093 0
2 261 1092 0
2 261 1091 0
2 261 1094 0
2 261 1090 0
2 261 1086 0
2 261 1080 0
2 261 1066 0
2 261 1070 0
2 261 1071 0
2 261 1075 0
2 261 1082 0
2 261 1068 0
2 261 1083 0
2 261 1073 0
2 261 1069 0
2 261 1081 0
2 261 6718 0
2 261 1064 0
2 261 1074 0
2 262 1110 0
2 262 1106 0
2 262 1105 0
2 262 1109 0
2 262 1104 0
2 262 1111 0
2 262 1099 0
2 262 1103 0
2 262 1100 0
2 262 1112 0
2 262 1114 0
2 262 1113 0
2 262 1095 0
2 262 1096 0
2 262 1097 0
2 262 1115 0
2 262 1116 0
2 262 1119 0
2 262 1118 0
2 262 1117 0
2 262 1108 0
2 262 1107 0
2 262 1101 0
2 262 1102 0
2 262 1098 0
2 263 1145 0
2 263 1146 0
2 263 1141 0
2 263 1135 0
2 263 1149 0
2 263 1140 0
2 263 1137 0
2 263 1136 0
2 263 1134 0
2 263 1139 0
2 263 1148 0
2 263 1129 0
2 263 1130 0
2 263 1142 0
2 263 1143 0
2 263 1123 0
2 263 1120 0
2 263 1147 0
2 263 1131 0
2 263 1127 0
2 263 1124 0
2 263 1125 0
2 263 1128 0
2 263 1133 0
2 263 1121 0
2 263 1122 0
2 263 1132 0
2 263 1126 0
2 263 1144 0
2 263 1138 0
2 264 1154 0
2 264 1158 0
2 264 1161 0
2 264 1153 0
2 264 1163 0
2 264 1175 0
2 264 1167 0
2 264 1165 0
2 264 1172 0
2 264 1177 0
2 264 1174 0
2 264 1171 0
2 264 1179 0
2 264 1183 0
2 264 1188 0
2 264 1190 0
2 264 1176 0
2 264 1182 0
2 264 1186 0
2 264 1184 0
2 264 1170 0
2 264 1168 0
2 264 1173 0
2 264 1187 0
2 264 1180 0
2 264 1189 0
2 264 1185 0
2 264 1160 0
2 264 1162 0
2 264 1157 0
2 264 1155 0
2 264 1152 0
2 264 1164 0
2 264 1169 0
2 264 1166 0
2 264 1150 0
2 264 1151 0
2 264 1159 0
2 264 1178 0
2 264 1156 0
2 264 1191 0
2 264 1181 0
2 265 1195 0
2 265 1197 0
2 265 1193 0
2 265 1198 0
2 265 1204 0
2 265 1196 0
2 265 1210 0
2 265 1205 0
2 265 1217 0
2 265 1212 0
2 265 1216 0
2 265 1220 0
2 265 1215 0
2 265 1201 0
2 265 1203 0
2 265 1202 0
2 265 1209 0
2 265 1208 0
2 265 1207 0
2 265 1206 0
2 265 1213 0
2 265 1218 0
2 265 1219 0
2 265 1211 0
2 265 1221 0
2 265 1214 0
2 265 1192 0
2 265 1194 0
2 265 1199 0
2 265 1200 0
2 266 1246 0
2 266 1245 0
2 266 1248 0
2 266 1247 0
2 266 1240 0
2 266 1244 0
2 266 1241 0
2 266 1242 0
2 266 1235 0
2 266 1236 0
2 266 1239 0
2 266 1238 0
2 266 1222 0
2 266 1225 0
2 266 1223 0
2 266 1231 0
2 266 1228 0
2 266 1226 0
2 266 1249 0
2 266 1232 0
2 266 1224 0
2 266 1233 0
2 266 1237 0
2 266 1227 0
2 266 1229 0
2 266 1234 0
2 266 1230 0
2 266 1243 0
2 267 1275 0
2 267 1273 0
2 267 1284 0
2 267 1285 0
2 267 1287 0
2 267 1253 0
2 267 1251 0
2 267 1256 0
2 267 1266 0
2 267 1272 0
2 267 1283 0
2 267 1280 0
2 267 1278 0
2 267 1254 0
2 267 1252 0
2 267 1257 0
2 267 1281 0
2 267 1265 0
2 267 1262 0
2 267 1268 0
2 267 1276 0
2 267 1271 0
2 267 1274 0
2 267 1286 0
2 267 1289 0
2 267 1261 0
2 267 1258 0
2 267 1250 0
2 267 1282 0
2 267 1279 0
2 267 1288 0
2 267 1264 0
2 267 1263 0
2 267 1259 0
2 267 1260 0
2 267 1267 0
2 267 1255 0
2 267 1277 0
2 267 1270 0
2 267 1269 0
2 268 1295 0
2 268 1292 0
2 268 1294 0
2 268 1307 0
2 268 1306 0
2 268 1308 0
2 268 1309 0
2 268 1299 0
2 268 1290 0
2 268 1301 0
2 268 1297 0
2 268 1293 0
2 268 1291 0
2 268 1296 0
2 268 1298 0
2 268 1300 0
2 268 1305 0
2 268 1303 0
2 268 1304 0
2 268 1302 0
2 269 1345 0
2 269 1352 0
2 269 6790 0
2 269 1340 0
2 269 6789 0
2 269 1356 0
2 269 1360 0
2 269 1361 0
2 269 1351 0
2 269 1357 0
2 269 1364 0
2 269 1355 0
2 269 1363 0
2 269 1362 0
2 269 1327 0
2 269 1324 0
2 269 1328 0
2 269 1333 0
2 269 1350 0
2 269 1347 0
2 269 1346 0
2 269 1332 0
2 269 1335 0
2 269 1338 0
2 269 1341 0
2 269 1334 0
2 269 1342 0
2 269 1344 0
2 269 1349 0
2 269 1319 0
2 269 1320 0
2 269 1325 0
2 269 1329 0
2 269 1317 0
2 269 1321 0
2 269 1318 0
2 269 1322 0
2 269 1330 0
2 269 1358 0
2 269 1326 0
2 269 6791 0
2 269 1310 0
2 269 1311 0
2 269 1314 0
2 269 1313 0
2 269 1316 0
2 269 1337 0
2 269 1339 0
2 269 1323 0
2 269 1331 0
2 269 1353 0
2 269 1348 0
2 269 1336 0
2 269 1343 0
2 269 1366 0
2 269 1365 0
2 269 1367 0
2 269 1312 0
2 269 1315 0
2 269 1354 0
2 269 1359 0
2 270 1369 0
2 270 1370 0
2 270 1375 0
2 270 1384 0
2 270 1378 0
2 270 1385 0
2 270 1376 0
2 270 1383 0
2 270 1379 0
2 270 1386 0
2 270 1373 0
2 270 1372 0
2 270 1387 0
2 270 1381 0
2 270 1371 0
2 270 1382 0
2 270 1380 0
2 270 1377 0
2 270 1368 0
2 270 1390 0
2 270 1388 0
2 270 1389 0
2 270 1374 0
2 271 1402 0
2 271 1401 0
2 271 1400 0
2 271 1397 0
2 271 1399 0
2 271 1418 0
2 271 1412 0
2 271 1393 0
2 271 1394 0
2 271 1391 0
2 271 1392 0
2 271 1420 0
2 271 1422 0
2 271 1427 0
2 271 1428 0
2 271 1426 0
2 271 1414 0
2 271 1421 0
2 271 1423 0
2 271 1405 0
2 271 1403 0
2 271 1404 0
2 271 1398 0
2 271 1424 0
2 271 1425 0
2 271 1415 0
2 271 1411 0
2 271 1416 0
2 271 1417 0
2 271 1419 0
2 271 1396 0
2 271 1395 0
2 271 1407 0
2 271 1409 0
2 271 1410 0
2 271 1406 0
2 271 1413 0
2 271 1408 0
2 272 1459 0
2 272 1463 0
2 272 1460 0
2 272 1439 0
2 272 1443 0
2 272 1447 0
2 272 1438 0
2 272 1444 0
2 272 1449 0
2 272 1464 0
2 272 1467 0
2 272 1466 0
2 272 1469 0
2 272 1448 0
2 272 1452 0
2 272 1470 0
2 272 1457 0
2 272 1455 0
2 272 1450 0
2 272 1468 0
2 272 1465 0
2 272 1462 0
2 272 1442 0
2 272 1454 0
2 272 1441 0
2 272 1434 0
2 272 1437 0
2 272 1440 0
2 272 1435 0
2 272 1432 0
2 272 1433 0
2 272 1430 0
2 272 1445 0
2 272 1429 0
2 272 1453 0
2 272 1458 0
2 272 1456 0
2 272 1451 0
2 272 1436 0
2 272 1461 0
2 272 1446 0
2 272 1431 0
3 10 2598 0
3 10 2595 0
3 10 2605 0
3 10 2585 0
3 10 2592 0
3 10 2608 0
3 10 2607 0
3 10 2599 0
3 10 2581 0
3 10 2584 0
3 10 2582 0
3 10 2594 0
3 10 2603 0
3 10 2606 0
3 10 2596 0
3 10 2602 0
3 10 2593 0
3 10 2600 0
3 10 2587 0
3 10 2591 0
3 10 2590 0
3 10 2586 0
3 10 2589 0
3 10 2597 0
3 10 2601 0
3 10 2604 0
3 10 2609 0
3 10 2611 0
3 10 2610 0
3 10 2588 0
3 10 2583 0
3 10 6671 0
3 11 2623 0
3 11 2630 0
3 11 2624 0
3 11 2634 0
3 11 2612 0
3 11 2613 0
3 11 2614 0
3 11 2615 0
3 11 2616 0
3 11 2617 0
3 11 2633 0
3 11 2635 0
3 11 2632 0
3 11 2641 0
3 11 2618 0
3 11 6750 0
3 11 6749 0
3 11 2620 0
3 11 2646 0
3 11 2649 0
3 11 2650 0
3 11 2647 0
3 11 2643 0
3 11 2645 0
3 11 6672 0
3 11 2636 0
3 11 2628 0
3 11 2631 0
3 11 2642 0
3 11 2640 0
3 11 2629 0
3 11 2627 0
3 11 2622 0
3 11 2621 0
3 11 2619 0
3 11 2626 0
3 11 2651 0
3 11 2648 0
3 11 2644 0
3 11 2639 0
3 11 2637 0
3 11 2638 0
3 11 2625 0
3 12 2669 0
3 12 2668 0
3 12 2665 0
3 12 2661 0
3 12 2657 0
3 12 2653 0
3 12 2655 0
3 12 2660 0
3 12 2664 0
3 12 2671 0
3 12 2662 0
3 12 2663 0
3 12 2673 0
3 12 2652 0
3 12 2658 0
3 12 2659 0
3 12 2667 0
3 12 2672 0
3 12 2656 0
3 12 2670 0
3 12 2666 0
3 12 2674 0
3 12 2654 0
3 13 2689 0
3 13 2691 0
3 13 2692 0
3 13 2694 0
3 13 2680 0
3 13 2697 0
3 13 2675 0
3 13 2693 0
3 13 2678 0
3 13 2685 0
3 13 2687 0
3 13 2690 0
3 13 2686 0
3 13 2679 0
3 13 2677 0
3 13 2682 0
3 13 2681 0
3 13 2683 0
3 13 2676 0
3 13 2684 0
3 13 2688 0
3 13 2696 0
3 13 2695 0
3 14 2709 0
3 14 2721 0
3 14 2706 0
3 14 2704 0
3 14 2707 0
3 14 2717 0
3 14 2719 0
3 14 2718 0
3 14 2716 0
3 14 2720 0
3 14 2710 0
3 14 2699 0
3 14 2700 0
3 14 2711 0
3 14 2705 0
3 14 2712 0
3 14 2714 0
3 14 2713 0
3 14 2702 0
3 14 2701 0
3 14 2708 0
3 14 2703 0
3 14 2698 0
3 14 2715 0
3 190 5622 0
3 190 5621 0
3 190 5618 0
3 190 5615 0
3 190 5616 0
3 190 5617 0
3 190 5619 0
3 190 5620 0
3 191 5628 0
3 191 5625 0
3 191 5623 0
3 191 5632 0
3 191 5624 0
3 191 5633 0
3 191 5629 0
3 191 5627 0
3 191 5626 0
3 191 5631 0
3 191 5630 0
3 192 5643 0
3 192 5641 0
3 192 5640 0
3 192 5636 0
3 192 5638 0
3 192 5646 0
3 192 5647 0
3 192 5653 0
3 192 5648 0
3 192 5652 0
3 192 5650 0
3 192 5634 0
3 192 5642 0
3 192 5645 0
3 192 5651 0
3 192 5639 0
3 192 5649 0
3 192 5644 0
3 192 5654 0
3 192 5637 0
3 192 5635 0
3 193 5659 0
3 193 5655 0
3 193 5660 0
3 193 5657 0
3 193 5658 0
3 193 5656 0
3 194 5665 0
3 194 5663 0
3 194 5661 0
3 194 5664 0
3 194 6728 0
3 194 5662 0
3 195 5671 0
3 195 5675 0
3 195 5676 0
3 195 5673 0
3 195 5667 0
3 195 5678 0
3 195 5677 0
3 195 5669 0
3 195 5674 0
3 195 5679 0
3 195 5668 0
3 195 5666 0
3 195 5670 0
3 195 5672 0
3 196 5681 0
3 196 5682 0
3 196 5684 0
3 196 5686 0
3 196 5685 0
3 196 5687 0
3 196 5689 0
3 196 5688 0
3 196 5683 0
3 196 5680 0
3 273 1485 0
3 273 1488 0
3 273 1477 0
3 273 1476 0
3 273 1473 0
3 273 1487 0
3 273 1479 0
3 273 1483 0
3 273 1478 0
3 273 1481 0
3 273 1490 0
3 273 1475 0
3 273 1474 0
3 273 1495 0
3 273 1492 0
3 273 1484 0
3 273 1489 0
3 273 1482 0
3 273 1499 0
3 273 1500 0
3 273 1498 0
3 273 1480 0
3 273 1486 0
3 273 1497 0
3 273 1494 0
3 273 1471 0
3 273 1472 0
3 273 1493 0
3 273 1496 0
3 273 1491 0
3 274 1505 0
3 274 1509 0
3 274 1514 0
3 274 1511 0
3 274 1517 0
3 274 1502 0
3 274 1528 0
3 274 1529 0
3 274 1523 0
3 274 1510 0
3 274 1513 0
3 274 1512 0
3 274 1524 0
3 274 1527 0
3 274 1525 0
3 274 1522 0
3 274 1532 0
3 274 1535 0
3 274 1534 0
3 274 1533 0
3 274 1508 0
3 274 1506 0
3 274 1518 0
3 274 1515 0
3 274 1530 0
3 274 1531 0
3 274 1520 0
3 274 1516 0
3 274 1521 0
3 274 1537 0
3 274 1536 0
3 274 1526 0
3 274 1538 0
3 274 1539 0
3 274 1507 0
3 274 1504 0
3 274 1501 0
3 274 1503 0
3 274 1519 0
3 275 1571 0
3 275 1568 0
3 275 1569 0
3 275 1570 0
3 275 1566 0
3 275 1565 0
3 275 1564 0
3 275 1562 0
3 275 1556 0
3 275 1558 0
3 275 1557 0
3 275 1561 0
3 275 1551 0
3 275 1540 0
3 275 1546 0
3 275 1560 0
3 275 1555 0
3 275 1549 0
3 275 1552 0
3 275 1548 0
3 275 1553 0
3 275 1554 0
3 275 1550 0
3 275 1572 0
3 275 1559 0
3 275 1547 0
3 275 1543 0
3 275 1545 0
3 275 1544 0
3 275 1567 0
3 275 1542 0
3 275 1563 0
3 275 1541 0
3 276 1626 0
3 276 1633 0
3 276 1631 0
3 276 1635 0
3 276 6727 0
3 276 1629 0
3 276 1582 0
3 276 1586 0
3 276 1579 0
3 276 1585 0
3 276 1602 0
3 276 1605 0
3 276 1607 0
3 276 1592 0
3 276 1591 0
3 276 1594 0
3 276 6726 0
3 276 1599 0
3 276 1576 0
3 276 1577 0
3 276 1575 0
3 276 1603 0
3 276 1606 0
3 276 1590 0
3 276 1637 0
3 276 1634 0
3 276 1616 0
3 276 1624 0
3 276 1587 0
3 276 1604 0
3 276 1610 0
3 276 1601 0
3 276 1613 0
3 276 1618 0
3 276 1614 0
3 276 1622 0
3 276 1623 0
3 276 1620 0
3 276 1588 0
3 276 1593 0
3 276 1589 0
3 276 1597 0
3 276 1621 0
3 276 1627 0
3 276 1608 0
3 276 1632 0
3 276 6661 0
3 276 1625 0
3 276 1628 0
3 276 1630 0
3 276 1615 0
3 276 1619 0
3 276 1583 0
3 276 1578 0
3 276 1600 0
3 276 1598 0
3 276 6702 0
3 276 6701 0
3 276 1636 0
3 276 1584 0
3 276 1581 0
3 276 1612 0
3 276 1617 0
3 276 1611 0
3 276 1609 0
3 276 1595 0
3 276 1580 0
3 276 1574 0
3 276 1573 0
3 276 1596 0
3 289 2135 0
3 289 2138 0
3 289 2140 0
3 289 2144 0
3 289 2137 0
3 289 2132 0
3 289 2153 0
3 289 2146 0
3 289 2150 0
3 289 2154 0
3 289 2168 0
3 289 2161 0
3 289 2167 0
3 289 2174 0
3 289 2175 0
3 289 2164 0
3 289 2160 0
3 289 2162 0
3 289 2169 0
3 289 2123 0
3 289 2126 0
3 289 2149 0
3 289 2148 0
3 289 2163 0
3 289 2171 0
3 289 2172 0
3 289 2177 0
3 289 2158 0
3 289 2156 0
3 289 2152 0
3 289 2151 0
3 289 2139 0
3 289 2141 0
3 289 2124 0
3 289 2130 0
3 289 2128 0
3 289 2131 0
3 289 2133 0
3 289 2134 0
3 289 2129 0
3 289 2136 0
3 289 2173 0
3 289 2170 0
3 289 2178 0
3 289 2181 0
3 289 2182 0
3 289 2180 0
3 289 2127 0
3 289 2125 0
3 289 2143 0
3 289 2142 0
3 289 2147 0
3 289 2165 0
3 289 2155 0
3 289 2159 0
3 289 2179 0
3 289 2157 0
3 289 2166 0
3 289 2176 0
3 289 2145 0
3 289 2183 0
3 290 2202 0
3 290 2198 0
3 290 2187 0
3 290 2205 0
3 290 2208 0
3 290 2207 0
3 290 2209 0
3 290 2194 0
3 290 2184 0
3 290 2188 0
3 290 2185 0
3 290 2190 0
3 290 2203 0
3 290 2193 0
3 290 2192 0
3 290 2186 0
3 290 2191 0
3 290 2189 0
3 290 2206 0
3 290 2210 0
3 290 2195 0
3 290 2204 0
3 290 2199 0
3 290 2200 0
3 290 2196 0
3 290 2201 0
3 290 2197 0
3 291 2252 0
3 291 2254 0
3 291 2250 0
3 291 2217 0
3 291 2220 0
3 291 2223 0
3 291 2224 0
3 291 2216 0
3 291 2222 0
3 291 2226 0
3 291 2237 0
3 291 2239 0
3 291 2241 0
3 291 2232 0
3 291 2211 0
3 291 2212 0
3 291 2215 0
3 291 2218 0
3 291 2213 0
3 291 2262 0
3 291 2255 0
3 291 2259 0
3 291 2257 0
3 291 2260 0
3 291 2253 0
3 291 2247 0
3 291 2245 0
3 291 2242 0
3 291 2235 0
3 291 2267 0
3 291 2264 0
3 291 2266 0
3 291 2227 0
3 291 2228 0
3 291 2233 0
3 291 2229 0
3 291 2230 0
3 291 2248 0
3 291 2246 0
3 291 2251 0
3 291 2221 0
3 291 2225 0
3 291 2263 0
3 291 2265 0
3 291 2269 0
3 291 2268 0
3 291 2261 0
3 291 2256 0
3 291 2240 0
3 291 2243 0
3 291 2236 0
3 291 2231 0
3 291 2258 0
3 291 2249 0
3 291 2244 0
3 291 2214 0
3 291 2219 0
3 291 2234 0
3 291 2238 0
3 292 2280 0
3 292 2278 0
3 292 2279 0
3 292 2283 0
3 292 2277 0
3 292 2324 0
3 292 2332 0
3 292 2336 0
3 292 2352 0
3 292 2353 0
3 292 2298 0
3 292 2291 0
3 292 2367 0
3 292 2354 0
3 292 2355 0
3 292 2350 0
3 292 2323 0
3 292 2317 0
3 292 2312 0
3 292 2316 0
3 292 2329 0
3 292 2325 0
3 292 2326 0
3 292 2330 0
3 292 2305 0
3 292 2302 0
3 292 2309 0
3 292 2347 0
3 292 2349 0
3 292 2346 0
3 292 2282 0
3 292 2285 0
3 292 2286 0
3 292 2288 0
3 292 2342 0
3 292 2339 0
3 292 2351 0
3 292 2322 0
3 292 2338 0
3 292 2334 0
3 292 2313 0
3 292 2307 0
3 292 2314 0
3 292 2318 0
3 292 6719 0
3 292 2319 0
3 292 2310 0
3 292 2295 0
3 292 2290 0
3 292 2296 0
3 292 6734 0
3 292 2356 0
3 292 2358 0
3 292 2321 0
3 292 2301 0
3 292 2311 0
3 292 2369 0
3 292 2365 0
3 292 2363 0
3 292 2364 0
3 292 2292 0
3 292 2294 0
3 292 2293 0
3 292 2300 0
3 292 2299 0
3 292 2359 0
3 292 2360 0
3 292 2357 0
3 292 2368 0
3 292 2370 0
3 292 2372 0
3 292 2371 0
3 292 2366 0
3 292 2284 0
3 292 2287 0
3 292 2281 0
3 292 2275 0
3 292 2276 0
3 292 2273 0
3 292 2272 0
3 292 2306 0
3 292 2327 0
3 292 2331 0
3 292 2341 0
3 292 2344 0
3 292 2333 0
3 292 2337 0
3 292 2340 0
3 292 2335 0
3 292 2361 0
3 292 2362 0
3 292 2304 0
3 292 2289 0
3 292 2315 0
3 292 2303 0
3 292 2320 0
3 292 2328 0
3 292 6710 0
3 292 2274 0
3 292 2271 0
3 292 2270 0
3 292 2308 0
3 292 2297 0
3 292 2348 0
3 292 2345 0
3 292 2343 0
3 292 6733 0
3 293 2373 0
3 293 2375 0
3 293 2377 0
3 293 2374 0
3 293 2376 0
3 293 2385 0
3 293 2406 0
3 293 2404 0
3 293 2412 0
3 293 2396 0
3 293 2399 0
3 293 2411 0
3 293 2414 0
3 293 2403 0
3 293 2401 0
3 293 2383 0
3 293 2382 0
3 293 2388 0
3 293 2393 0
3 293 2397 0
3 293 2384 0
3 293 2390 0
3 293 2387 0
3 293 2395 0
3 293 2413 0
3 293 2416 0
3 293 2415 0
3 293 2417 0
3 293 2389 0
3 293 2379 0
3 293 2378 0
3 293 2380 0
3 293 2381 0
3 293 2394 0
3 293 2386 0
3 293 2398 0
3 293 2402 0
3 293 2400 0
3 293 2392 0
3 293 2391 0
3 293 2408 0
3 293 2409 0
3 293 2407 0
3 293 2410 0
3 293 2405 0
4 15 2734 0
4 15 2738 0
4 15 2741 0
4 15 2723 0
4 15 2722 0
4 15 2747 0
4 15 2745 0
4 15 2746 0
4 15 2737 0
4 15 2739 0
4 15 2748 0
4 15 2743 0
4 15 2749 0
4 15 2733 0
4 15 2727 0
4 15 2751 0
4 15 2752 0
4 15 2726 0
4 15 2729 0
4 15 2725 0
4 15 2728 0
4 15 2742 0
4 15 2740 0
4 15 2730 0
4 15 2732 0
4 15 2736 0
4 15 2744 0
4 15 2724 0
4 15 2750 0
4 15 2731 0
4 15 2735 0
4 16 2755 0
4 16 2760 0
4 16 2780 0
4 16 2782 0
4 16 2756 0
4 16 2753 0
4 16 2759 0
4 16 2758 0
4 16 2778 0
4 16 2777 0
4 16 2775 0
4 16 6708 0
4 16 2779 0
4 16 6709 0
4 16 2763 0
4 16 2767 0
4 16 2769 0
4 16 2771 0
4 16 2774 0
4 16 2784 0
4 16 2783 0
4 16 2766 0
4 16 6675 0
4 16 6673 0
4 16 2761 0
4 16 2765 0
4 16 2781 0
4 16 2762 0
4 16 6677 0
4 16 2764 0
4 16 2770 0
4 16 2754 0
4 16 2757 0
4 16 2772 0
4 16 2768 0
4 16 2776 0
4 16 2773 0
4 17 2789 0
4 17 2785 0
4 17 2788 0
4 17 2786 0
4 17 2787 0
4 18 2810 0
4 18 2806 0
4 18 2801 0
4 18 2799 0
4 18 2796 0
4 18 2797 0
4 18 2800 0
4 18 2805 0
4 18 6692 0
4 18 2794 0
4 18 2802 0
4 18 2813 0
4 18 2808 0
4 18 6763 0
4 18 6762 0
4 18 2791 0
4 18 2793 0
4 18 2792 0
4 18 2790 0
4 18 2822 0
4 18 2821 0
4 18 2824 0
4 18 2823 0
4 18 2812 0
4 18 2817 0
4 18 2819 0
4 18 2807 0
4 18 2803 0
4 18 2804 0
4 18 2798 0
4 18 2816 0
4 18 2814 0
4 18 2811 0
4 18 2809 0
4 18 2795 0
4 18 2820 0
4 18 2818 0
4 18 2815 0
4 72 3937 0
4 72 3935 0
4 72 3941 0
4 72 3936 0
4 72 3943 0
4 72 3944 0
4 72 3945 0
4 72 3939 0
4 72 3942 0
4 72 3949 0
4 72 3940 0
4 72 3946 0
4 72 3947 0
4 72 6685 0
4 72 3938 0
4 72 3948 0
4 73 3950 0
4 73 3958 0
4 73 3957 0
4 73 3953 0
4 73 3954 0
4 73 3951 0
4 73 3952 0
4 73 3959 0
4 73 3956 0
4 73 3955 0
4 74 3960 0
4 74 3962 0
4 74 3964 0
4 74 3966 0
4 74 3968 0
4 74 3969 0
4 74 3963 0
4 74 3971 0
4 74 3965 0
4 74 3967 0
4 74 3961 0
4 74 3972 0
4 74 3970 0
4 75 3981 0
4 75 3980 0
4 75 3974 0
4 75 3975 0
4 75 3973 0
4 75 3982 0
4 75 3977 0
4 75 3976 0
4 75 3978 0
4 75 3979 0
4 76 6686 0
4 76 3994 0
4 76 3992 0
4 76 3983 0
4 76 3991 0
4 76 3993 0
4 76 3989 0
4 76 3987 0
4 76 3984 0
4 76 3988 0
4 76 3985 0
4 76 3986 0
4 76 3995 0
4 76 3990 0
4 76 3996 0
4 77 4004 0
4 77 4003 0
4 77 4002 0
4 77 4006 0
4 77 4005 0
4 77 6730 0
4 77 4000 0
4 77 3998 0
4 77 3997 0
4 77 3999 0
4 77 4001 0
4 78 4015 0
4 78 4010 0
4 78 4013 0
4 78 4017 0
4 78 4008 0
4 78 4009 0
4 78 4011 0
4 78 6662 0
4 78 4014 0
4 78 4012 0
4 78 4007 0
4 78 4016 0
4 78 4018 0
4 79 4022 0
4 79 6777 0
4 79 4019 0
4 79 4020 0
4 79 4025 0
4 79 6778 0
4 79 4024 0
4 79 4028 0
4 79 4026 0
4 79 4023 0
4 79 4021 0
4 79 4027 0
4 162 5221 0
4 162 5222 0
4 162 5223 0
4 162 5224 0
4 162 6678 0
4 162 5219 0
4 162 5216 0
4 162 5215 0
4 162 5218 0
4 162 5220 0
4 162 5225 0
4 162 5217 0
4 163 5247 0
4 163 5236 0
4 163 5244 0
4 163 5245 0
4 163 5240 0
4 163 5241 0
4 163 5232 0
4 163 5226 0
4 163 5229 0
4 163 5227 0
4 163 5234 0
4 163 5235 0
4 163 5228 0
4 163 5239 0
4 163 5237 0
4 163 5231 0
4 163 5230 0
4 163 5238 0
4 163 5243 0
4 163 5242 0
4 163 5233 0
4 163 5246 0
4 164 5248 0
4 164 5251 0
4 164 5250 0
4 164 5252 0
4 164 5249 0
4 164 5253 0
4 164 5256 0
4 164 5254 0
4 164 5255 0
4 164 6674 0
4 165 5264 0
4 165 5260 0
4 165 5263 0
4 165 5269 0
4 165 5270 0
4 165 5262 0
4 165 5258 0
4 165 5259 0
4 165 5268 0
4 165 5266 0
4 165 5267 0
4 165 5265 0
4 165 5257 0
4 165 5261 0
4 166 5273 0
4 166 5271 0
4 166 5276 0
4 166 5275 0
4 166 5274 0
4 166 5272 0
4 167 5288 0
4 167 5279 0
4 167 5282 0
4 167 5287 0
4 167 5278 0
4 167 5277 0
4 167 5286 0
4 167 5285 0
4 167 5289 0
4 167 5284 0
4 167 5281 0
4 167 5280 0
4 167 5283 0
4 168 5290 0
4 168 6769 1
4 168 5292 0
4 168 5293 0
4 168 5291 0
4 168 6676 0
4 169 5296 0
4 169 5294 0
4 169 5295 0
4 169 5297 0
4 169 6722 0
4 169 5299 0
4 169 5298 0
4 169 6723 0
4 170 5307 0
4 170 5300 0
4 170 5312 0
4 170 5309 0
4 170 5315 0
4 170 5316 0
4 170 5317 0
4 170 5301 0
4 170 5308 0
4 170 5310 0
4 170 5306 0
4 170 5304 0
4 170 5302 0
4 170 5303 0
4 170 5311 0
4 170 5314 0
4 170 5313 0
4 170 5305 0
4 171 5321 0
4 171 5320 0
4 171 5326 0
4 171 5324 0
4 171 5325 0
4 171 5322 0
4 171 5323 0
4 171 5328 0
4 171 5318 0
4 171 5319 0
4 171 5327 0
4 172 5335 0
4 172 5334 0
4 172 5330 0
4 172 5331 0
4 172 5329 0
4 172 5332 0
4 172 5333 0
4 172 5339 0
4 172 5336 0
4 172 6725 0
4 172 6724 0
4 172 5338 0
4 172 5337 0
4 173 5350 0
4 173 5344 0
4 173 5340 0
4 173 5349 0
4 173 5341 0
4 173 5342 0
4 173 5347 0
4 173 5345 0
4 173 5348 0
4 173 5346 0
4 173 5343 0
4 174 5365 0
4 174 5358 0
4 174 5352 0
4 174 5357 0
4 174 5361 0
4 174 5360 0
4 174 5364 0
4 174 5355 0
4 174 5351 0
4 174 5359 0
4 174 5356 0
4 174 5354 0
4 174 5353 0
4 174 5362 0
4 174 5363 0
4 174 5366 0
4 175 5377 0
4 175 5367 0
4 175 5374 0
4 175 5372 0
4 175 5368 0
4 175 5370 0
4 175 5371 0
4 175 5373 0
4 175 5369 0
4 175 5376 0
4 175 5375 0
4 183 5490 0
4 183 6720 0
4 183 5488 0
4 183 5491 0
4 183 5489 0
4 183 6721 0
4 183 5487 0
4 183 5486 0
4 184 5497 0
4 184 5498 0
4 184 5501 0
4 184 5494 0
4 184 5496 0
4 184 5495 0
4 184 5493 0
4 184 5492 0
4 184 5499 0
4 184 5500 0
4 185 5503 0
4 185 5504 0
4 185 5502 0
4 185 5508 0
4 185 5507 0
4 185 5506 0
4 185 5505 0
4 185 5510 0
4 185 5509 0
4 185 5511 0
4 186 5515 0
4 186 5516 0
4 186 5521 0
4 186 5512 0
4 186 5522 0
4 186 5513 0
4 186 5519 0
4 186 5520 0
4 186 5518 0
4 186 5517 0
4 186 5514 0
4 187 5544 0
4 187 5535 0
4 187 5538 0
4 187 5533 0
4 187 5525 0
4 187 5523 0
4 187 5545 0
4 187 5543 0
4 187 5546 0
4 187 5550 0
4 187 5549 0
4 187 5552 0
4 187 5528 0
4 187 5534 0
4 187 5527 0
4 187 5532 0
4 187 5537 0
4 187 5530 0
4 187 5531 0
4 187 5529 0
4 187 5526 0
4 187 5553 0
4 187 5536 0
4 187 5541 0
4 187 5540 0
4 187 5524 0
4 187 5547 0
4 187 5548 0
4 187 5539 0
4 187 5551 0
4 187 5542 0
4 188 5560 0
4 188 5557 0
4 188 5556 0
4 188 5562 0
4 188 5563 0
4 188 5555 0
4 188 5561 0
4 188 5554 0
4 188 5564 0
4 188 5559 0
4 188 5558 0
4 189 5571 0
4 189 5568 0
4 189 5572 0
4 189 5573 0
4 189 5565 0
4 189 5566 0
4 189 5574 0
4 189 5569 0
4 189 5567 0
4 189 5570 0
4 197 5705 0
4 197 5703 0
4 197 5704 0
4 197 5702 0
4 197 5701 0
4 197 5698 0
4 197 5696 0
4 197 5697 0
4 197 5700 0
4 197 5691 0
4 197 5693 0
4 197 5694 0
4 197 5692 0
4 197 5695 0
4 197 5690 0
4 197 5699 0
4 198 5707 0
4 198 5706 0
4 198 5709 0
4 198 5718 0
4 198 5712 0
4 198 5710 0
4 198 5714 0
4 198 5708 0
4 198 5717 0
4 198 6761 0
4 198 5711 0
4 198 5713 0
4 198 5715 0
4 198 5716 0
4 199 5730 0
4 199 6764 0
4 199 5727 0
4 199 5725 0
4 199 5728 0
4 199 5723 0
4 199 5719 0
4 199 5729 0
4 199 5722 0
4 199 5720 0
4 199 5721 0
4 199 5724 0
4 199 5726 0
4 199 5731 0
4 200 6693 0
4 200 5734 0
4 200 5736 0
4 200 5738 0
4 200 5733 0
4 200 5744 0
4 200 5743 0
4 200 5742 0
4 200 5741 0
4 200 5735 0
4 200 5739 0
4 200 5737 0
4 200 5745 0
4 200 5732 0
4 200 5740 0
4 201 5758 0
4 201 5747 0
4 201 5746 0
4 201 5751 0
4 201 5753 0
4 201 5755 0
4 201 5756 0
4 201 5754 0
4 201 5752 0
4 201 5750 0
4 201 5748 0
4 201 5757 0
4 201 5749 0
4 202 5769 0
4 202 5767 0
4 202 5765 0
4 202 5763 0
4 202 5764 0
4 202 5761 0
4 202 5759 0
4 202 5768 0
4 202 5760 0
4 202 5762 0
4 202 5770 0
4 202 5771 0
4 202 5766 0
4 203 5777 0
4 203 5775 0
4 203 5773 0
4 203 5778 0
4 203 5780 0
4 203 5772 0
4 203 5779 0
4 203 5785 0
4 203 5783 0
4 203 5784 0
4 203 5786 0
4 203 5774 0
4 203 5776 0
4 203 5781 0
4 203 5782 0
5 19 2835 0
5 19 2836 0
5 19 2842 0
5 19 2841 0
5 19 2840 0
5 19 2825 0
5 19 2828 0
5 19 2829 0
5 19 2831 0
5 19 2830 0
5 19 2844 0
5 19 2832 0
5 19 2845 0
5 19 2833 0
5 19 2847 0
5 19 2843 0
5 19 2826 0
5 19 2827 0
5 19 2846 0
5 19 2839 0
5 19 2837 0
5 19 2834 0
5 19 2838 0
5 20 2854 0
5 20 2858 0
5 20 2867 0
5 20 2849 0
5 20 2851 0
5 20 2870 0
5 20 2866 0
5 20 2864 0
5 20 2852 0
5 20 2853 0
5 20 2859 0
5 20 2857 0
5 20 2856 0
5 20 2863 0
5 20 2861 0
5 20 2869 0
5 20 2848 0
5 20 2850 0
5 20 2862 0
5 20 2860 0
5 20 2865 0
5 20 2868 0
5 20 2855 0
5 21 2882 0
5 21 2877 0
5 21 2887 0
5 21 2884 0
5 21 2886 0
5 21 2896 0
5 21 2902 0
5 21 2876 0
5 21 2878 0
5 21 2879 0
5 21 2881 0
5 21 2873 0
5 21 2871 0
5 21 2880 0
5 21 2891 0
5 21 2890 0
5 21 2885 0
5 21 2888 0
5 21 2889 0
5 21 2895 0
5 21 2892 0
5 21 2901 0
5 21 2897 0
5 21 2899 0
5 21 2903 0
5 21 2898 0
5 21 2883 0
5 21 2874 0
5 21 2893 0
5 21 2904 0
5 21 2900 0
5 21 2875 0
5 21 2872 0
5 21 2894 0
5 51 5873 0
5 51 5877 0
5 51 5875 0
5 51 5876 0
5 51 5874 0
5 51 5878 0
5 51 5872 0
5 51 5885 0
5 51 5886 0
5 51 5881 0
5 51 5884 0
5 51 5882 0
5 51 5880 0
5 51 5883 0
5 51 5879 0
5 51 5888 0
5 51 5889 0
5 51 5887 0
5 51 5890 0
5 51 5891 0
5 51 5892 0
5 51 5895 0
5 51 5894 0
5 51 5893 0
5 51 5902 0
5 51 5900 0
5 51 5901 0
5 51 5898 0
5 51 5897 0
5 51 5899 0
5 51 5904 0
5 51 5903 0
5 51 5896 0
5 51 5906 0
5 51 5905 0
5 51 5907 0
5 51 5908 0
5 51 5910 0
5 51 5909 0
5 214 5984 0
5 214 5992 0
5 214 5989 0
5 214 5988 0
5 214 5993 0
5 214 5982 0
5 214 5983 0
5 214 5991 0
5 214 5987 0
5 214 5990 0
5 214 5985 0
5 214 5986 0
5 214 5994 0
5 215 5995 0
5 215 6005 0
5 215 6000 0
5 215 6007 0
5 215 6006 0
5 215 6002 0
5 215 5996 0
5 215 6001 0
5 215 6009 0
5 215 5998 0
5 215 6003 0
5 215 6008 0
5 215 5999 0
5 215 5997 0
5 215 6004 0
5 216 6018 0
5 216 6011 0
5 216 6010 0
5 216 6014 0
5 216 6015 0
5 216 6012 0
5 216 6021 0
5 216 6016 0
5 216 6013 0
5 216 6019 0
5 216 6020 0
5 216 6017 0
5 217 6026 0
5 217 6025 0
5 217 6027 0
5 217 6024 0
5 217 6028 0
5 217 6035 0
5 217 6036 0
5 217 6031 0
5 217 6032 0
5 217 6034 0
5 217 6033 0
5 217 6022 0
5 217 6023 0
5 217 6037 0
5 217 6030 0
5 217 6029 0
5 218 6045 0
5 218 6043 0
5 218 6040 0
5 218 6041 0
5 218 6039 0
5 218 6046 0
5 218 6044 0
5 218 6042 0
5 218 6050 0
5 218 6051 0
5 218 6047 0
5 218 6038 0
5 218 6048 0
5 218 6049 0
5 219 6053 0
5 219 6062 0
5 219 6065 0
5 219 6059 0
5 219 6066 0
5 219 6061 0
5 219 6057 0
5 219 6060 0
5 219 6056 0
5 219 6052 0
5 219 6064 0
5 219 6063 0
5 219 6058 0
5 219 6067 0
5 219 6055 0
5 219 6054 0
5 220 6077 0
5 220 6075 0
5 220 6070 0
5 220 6069 0
5 220 6071 0
5 220 6079 0
5 220 6076 0
5 220 6078 0
5 220 6080 0
5 220 6073 0
5 220 6068 0
5 220 6074 0
5 220 6072 0
5 221 6083 0
5 221 6084 0
5 221 6086 0
5 221 6090 0
5 221 6085 0
5 221 6082 0
5 221 6087 0
5 221 6081 0
5 221 6088 0
5 221 6089 0
5 240 6332 0
5 240 6334 0
5 240 6330 0
5 240 6329 0
5 240 6333 0
5 240 6331 0
5 240 6328 0
5 241 6339 0
5 241 6342 0
5 241 6344 0
5 241 6340 0
5 241 6347 0
5 241 6348 0
5 241 6336 0
5 241 6664 0
5 241 6338 0
5 241 6350 0
5 241 6341 0
5 241 6349 0
5 241 6337 0
5 241 6346 0
5 241 6335 0
5 241 6343 0
5 241 6345 0
5 242 6357 0
5 242 6351 0
5 242 6355 0
5 242 6361 0
5 242 6352 0
5 242 6359 0
5 242 6362 0
5 242 6354 0
5 242 6358 0
5 242 6360 0
5 242 6356 0
5 242 6353 0
5 243 6368 0
5 243 6369 0
5 243 6374 0
5 243 6377 0
5 243 6375 0
5 243 6364 0
5 243 6376 0
5 243 6367 0
5 243 6363 0
5 243 6370 0
5 243 6366 0
5 243 6372 0
5 243 6371 0
5 243 6373 0
5 243 6365 0
5 244 6378 0
5 244 6391 0
5 244 6390 0
5 244 6384 0
5 244 6387 0
5 244 6383 0
5 244 6382 0
5 244 6381 0
5 244 6386 0
5 244 6379 0
5 244 6380 0
5 244 6385 0
5 244 6389 0
5 244 6388 0
5 244 6392 0
5 252 6563 0
5 252 6557 0
5 252 6561 0
5 252 6567 0
5 252 6558 0
5 252 6559 0
5 252 6556 0
5 252 6555 0
5 252 6560 0
5 252 6562 0
5 252 6564 0
5 252 6566 0
5 252 6565 0
5 252 6568 0
5 253 6571 0
5 253 6570 0
5 253 6577 0
5 253 6574 0
5 253 6576 0
5 253 6569 0
5 253 6572 0
5 253 6579 0
5 253 6575 0
5 253 6573 0
5 253 6578 0
5 254 6580 0
5 254 6583 0
5 254 6592 0
5 254 6582 0
5 254 6585 0
5 254 6581 0
5 254 6591 0
5 254 6589 0
5 254 6588 0
5 254 6586 0
5 254 6587 0
5 254 6590 0
5 254 6584 0
5 255 6596 0
5 255 6599 0
5 255 6605 0
5 255 6603 0
5 255 6604 0
5 255 6593 0
5 255 6597 0
5 255 6594 0
5 255 6602 0
5 255 6598 0
5 255 6601 0
5 255 6606 0
5 255 6595 0
5 255 6600 0
5 256 6619 0
5 256 6622 0
5 256 6620 0
5 256 6613 0
5 256 6625 0
5 256 6624 0
5 256 6607 0
5 256 6615 0
5 256 6610 0
5 256 6609 0
5 256 6611 0
5 256 6608 0
5 256 6616 0
5 256 6621 0
5 256 6623 0
5 256 6617 0
5 256 6614 0
5 256 6612 0
5 256 6618 0
5 257 6635 0
5 257 6639 0
5 257 6636 0
5 257 6630 0
5 257 6626 0
5 257 6628 0
5 257 6629 0
5 257 6627 0
5 257 6632 0
5 257 6631 0
5 257 6637 0
5 257 6638 0
5 257 6634 0
5 257 6633 0
5 282 1862 0
5 282 1852 0
5 282 1841 0
5 282 1842 0
5 282 1850 0
5 282 1818 0
5 282 1819 0
5 282 1828 0
5 282 1827 0
5 282 1815 0
5 282 1808 0
5 282 1878 0
5 282 1874 0
5 282 1866 0
5 282 1873 0
5 282 1867 0
5 282 1877 0
5 282 1886 0
5 282 1883 0
5 282 1888 0
5 282 1893 0
5 282 1879 0
5 282 1884 0
5 282 1885 0
5 282 1887 0
5 282 1882 0
5 282 1889 0
5 282 1894 0
5 282 1892 0
5 282 1840 0
5 282 1853 0
5 282 1848 0
5 282 6753 0
5 282 1860 0
5 282 1809 0
5 282 1797 0
5 282 1804 0
5 282 1806 0
5 282 1802 0
5 282 1875 0
5 282 1863 0
5 282 1870 0
5 282 1869 0
5 282 6759 0
5 282 6665 0
5 282 1880 0
5 282 1810 0
5 282 1811 0
5 282 1813 0
5 282 1849 0
5 282 1847 0
5 282 1859 0
5 282 1823 0
5 282 1834 0
5 282 1832 0
5 282 1816 0
5 282 1820 0
5 282 1822 0
5 282 1807 0
5 282 1898 0
5 282 1899 0
5 282 1897 0
5 282 1790 0
5 282 1793 0
5 282 1789 0
5 282 1801 0
5 282 1805 0
5 282 1837 0
5 282 6756 0
5 282 1831 0
5 282 6757 0
5 282 6755 0
5 282 6754 0
5 282 1902 0
5 282 1900 0
5 282 1896 0
5 282 1901 0
5 282 1895 0
5 282 1890 0
5 282 1861 0
5 282 1876 0
5 282 1864 0
5 282 1865 0
5 282 1821 0
5 282 1830 0
5 282 1836 0
5 282 1829 0
5 282 6758 0
5 282 1891 0
5 282 1786 0
5 282 1796 0
5 282 1792 0
5 282 1787 0
5 282 1798 0
5 282 1803 0
5 282 1795 0
5 282 1854 0
5 282 1814 0
5 282 1812 0
5 282 6667 0
5 282 1817 0
5 282 1868 0
5 282 1871 0
5 282 1872 0
5 282 1835 0
5 282 1843 0
5 282 1824 0
5 282 1855 0
5 282 1846 0
5 282 1844 0
5 282 1839 0
5 282 1825 0
5 282 1845 0
5 282 1851 0
5 282 1858 0
5 282 1857 0
5 282 1856 0
5 282 1799 0
5 282 1785 0
5 282 1780 0
5 282 1783 0
5 282 1781 0
5 282 1782 0
5 282 1788 0
5 282 1791 0
5 282 1800 0
5 282 1784 0
5 282 1794 0
5 282 1833 0
5 282 1826 0
5 282 1881 0
5 282 1838 0
5 283 1907 0
5 283 1911 0
5 283 1915 0
5 283 1934 0
5 283 1936 0
5 283 1940 0
5 283 1939 0
5 283 1938 0
5 283 1932 0
5 283 1941 0
5 283 1935 0
5 283 1916 0
5 283 1906 0
5 283 1910 0
5 283 1909 0
5 283 1908 0
5 283 1920 0
5 283 1904 0
5 283 6663 0
5 283 1912 0
5 283 1903 0
5 283 1905 0
5 283 1914 0
5 283 1928 0
5 283 1922 0
5 283 1919 0
5 283 1921 0
5 283 1913 0
5 283 1929 0
5 283 1925 0
5 283 1918 0
5 283 1923 0
5 283 1927 0
5 283 1917 0
5 283 1943 0
5 283 1942 0
5 283 1937 0
5 283 1933 0
5 283 1930 0
5 283 1931 0
5 283 1924 0
5 283 1926 0
5 284 1970 0
5 284 1971 0
5 284 1974 0
5 284 1966 0
5 284 1977 0
5 284 1982 0
5 284 1965 0
5 284 1960 0
5 284 1959 0
5 284 1956 0
5 284 1948 0
5 284 1949 0
5 284 1947 0
5 284 1944 0
5 284 1945 0
5 284 1952 0
5 284 1951 0
5 284 1950 0
5 284 1973 0
5 284 1969 0
5 284 1979 0
5 284 1986 0
5 284 1976 0
5 284 1957 0
5 284 1955 0
5 284 1962 0
5 284 1980 0
5 284 1975 0
5 284 1985 0
5 284 1961 0
5 284 1954 0
5 284 1984 0
5 284 1981 0
5 284 1978 0
5 284 1983 0
5 284 1968 0
5 284 1963 0
5 284 1953 0
5 284 1958 0
5 284 1946 0
5 284 1972 0
5 284 1964 0
5 284 1967 0
5 285 2019 0
5 285 2021 0
5 285 2012 0
5 285 2018 0
5 285 2020 0
5 285 2017 0
5 285 2016 0
5 285 6668 0
5 285 2002 0
5 285 2023 0
5 285 1990 0
5 285 1989 0
5 285 1988 0
5 285 1992 0
5 285 1999 0
5 285 2001 0
5 285 2003 0
5 285 1994 0
5 285 2005 0
5 285 2004 0
5 285 1995 0
5 285 2015 0
5 285 2022 0
5 285 1996 0
5 285 1997 0
5 285 2006 0
5 285 2009 0
5 285 1993 0
5 285 2010 0
5 285 2014 0
5 285 2008 0
5 285 2013 0
5 285 2011 0
5 285 2000 0
5 285 2007 0
5 285 1987 0
5 285 1991 0
5 285 1998 0
5 286 2038 0
5 286 2040 0
5 286 2032 0
5 286 2031 0
5 286 2024 0
5 286 2026 0
5 286 2029 0
5 286 2034 0
5 286 2035 0
5 286 2030 0
5 286 2028 0
5 286 2027 0
5 286 2050 0
5 286 2048 0
5 286 2033 0
5 286 2047 0
5 286 2036 0
5 286 2037 0
5 286 2051 0
5 286 2046 0
5 286 2044 0
5 286 2039 0
5 286 2042 0
5 286 2041 0
5 286 2045 0
5 286 2049 0
5 286 2043 0
5 286 6666 0
5 286 2025 0
5 287 2066 0
5 287 2073 0
5 287 2058 0
5 287 2055 0
5 287 2084 0
5 287 2074 0
5 287 2087 0
5 287 2072 0
5 287 2077 0
5 287 2068 0
5 287 2063 0
5 287 2064 0
5 287 2069 0
5 287 2057 0
5 287 2059 0
5 287 2060 0
5 287 2052 0
5 287 2053 0
5 287 2089 0
5 287 2067 0
5 287 2061 0
5 287 2075 0
5 287 2080 0
5 287 2090 0
5 287 2086 0
5 287 2085 0
5 287 2088 0
5 287 2054 0
5 287 2056 0
5 287 2082 0
5 287 2081 0
5 287 2070 0
5 287 2071 0
5 287 2083 0
5 287 2079 0
5 287 2062 0
5 287 2065 0
5 287 2076 0
5 287 2078 0
5 288 2121 0
5 288 2115 0
5 288 2112 0
5 288 2113 0
5 288 6752 0
5 288 2118 0
5 288 2091 0
5 288 2096 0
5 288 2108 0
5 288 2117 0
5 288 2094 0
5 288 2098 0
5 288 2110 0
5 288 2114 0
5 288 2105 0
5 288 2102 0
5 288 2101 0
5 288 2097 0
5 288 2111 0
5 288 2116 0
5 288 2093 0
5 288 2092 0
5 288 2107 0
5 288 2109 0
5 288 2119 0
5 288 2103 0
5 288 2106 0
5 288 2122 0
5 288 2120 0
5 288 2104 0
5 288 2099 0
5 288 2100 0
5 288 2095 0
6 31 3153 0
6 31 3158 0
6 31 3160 0
6 31 3164 0
6 31 3163 0
6 31 3159 0
6 31 3161 0
6 31 3157 0
6 31 3156 0
6 31 3162 0
6 31 3154 0
6 31 3166 0
6 31 3165 0
6 31 3167 0
6 31 3150 0
6 31 3152 0
6 31 6735 0
6 31 3169 0
6 31 6736 0
6 31 3168 0
6 31 3155 0
6 31 3151 0
6 32 3176 0
6 32 3179 0
6 32 3184 0
6 32 3186 0
6 32 3170 0
6 32 3180 0
6 32 3182 0
6 32 3183 0
6 32 3185 0
6 32 3188 0
6 32 3189 0
6 32 3190 0
6 32 3187 0
6 32 3181 0
6 32 3173 0
6 32 3174 0
6 32 3178 0
6 32 3175 0
6 32 3172 0
6 32 3177 0
6 32 3171 0
6 33 3193 0
6 33 3195 0
6 33 3202 0
6 33 3191 0
6 33 3204 0
6 33 3201 0
6 33 3205 0
6 33 3194 0
6 33 3192 0
6 33 3196 0
6 33 3203 0
6 33 3199 0
6 33 3206 0
6 33 3200 0
6 33 3197 0
6 33 3198 0
6 33 3207 0
6 34 3215 0
6 34 3221 0
6 34 3214 0
6 34 3213 0
6 34 3218 0
6 34 6783 0
6 34 3208 0
6 34 3209 0
6 34 3219 0
6 34 3223 0
6 34 3222 0
6 34 3216 0
6 34 3220 0
6 34 3217 0
6 34 3211 0
6 34 6717 0
6 34 3210 0
6 34 3212 0
6 34 3224 0
6 55 3530 0
6 55 3533 0
6 55 3527 0
6 55 3537 0
6 55 3540 0
6 55 3528 0
6 55 3534 0
6 55 3544 0
6 55 3532 0
6 55 3529 0
6 55 3535 0
6 55 3542 0
6 55 3541 0
6 55 3543 0
6 55 3539 0
6 55 3536 0
6 55 3531 0
6 55 3538 0
6 55 3526 0
6 55 3545 0
6 56 3520 0
6 56 3518 0
6 56 3515 0
6 56 3513 0
6 56 3514 0
6 56 3521 0
6 56 3525 0
6 56 3523 0
6 56 3524 0
6 56 3516 0
6 56 3512 0
6 56 3517 0
6 56 3511 0
6 56 3510 0
6 56 3509 0
6 56 3519 0
6 56 3522 0
6 56 3549 0
6 56 3546 0
6 56 3561 0
6 56 3557 0
6 56 3556 0
6 56 3560 0
6 56 3553 0
6 56 3547 0
6 56 3554 0
6 56 3555 0
6 56 3550 0
6 56 3558 0
6 56 3552 0
6 56 3548 0
6 56 3551 0
6 56 3559 0
6 61 3632 0
6 61 3628 0
6 61 3631 0
6 61 3637 0
6 61 3636 0
6 61 3629 0
6 61 3627 0
6 61 3633 0
6 61 3634 0
6 61 3639 0
6 61 3635 0
6 61 3638 0
6 61 3630 0
6 62 3648 0
6 62 3647 0
6 62 6683 0
6 62 3641 0
6 62 3643 0
6 62 3642 0
6 62 3646 0
6 62 3644 0
6 62 3640 0
6 62 3645 0
6 63 3656 0
6 63 3659 0
6 63 3650 0
6 63 3654 0
6 63 3658 0
6 63 3652 0
6 63 3651 0
6 63 3655 0
6 63 3653 0
6 63 3657 0
6 63 3649 0
6 64 3669 0
6 64 3676 0
6 64 3666 0
6 64 3674 0
6 64 3661 0
6 64 3675 0
6 64 3673 0
6 64 3677 0
6 64 3668 0
6 64 3667 0
6 64 3671 0
6 64 3662 0
6 64 3670 0
6 64 3672 0
6 64 3679 0
6 64 3681 0
6 64 3680 0
6 64 3678 0
6 64 3663 0
6 64 3665 0
6 64 3664 0
6 64 3660 0
6 65 3696 0
6 65 3686 0
6 65 3689 0
6 65 3699 0
6 65 6731 0
6 65 6732 0
6 65 3690 0
6 65 3683 0
6 65 3684 0
6 65 3697 0
6 65 3698 0
6 65 3694 0
6 65 3691 0
6 65 3693 0
6 65 3687 0
6 65 3688 0
6 65 3695 0
6 65 3692 0
6 65 3685 0
6 65 3682 0
6 99 4323 0
6 99 4325 0
6 99 4326 0
6 99 4324 0
6 99 4331 0
6 99 4332 0
6 99 4328 0
6 99 4335 0
6 99 4337 0
6 99 4334 0
6 99 4336 0
6 99 4343 0
6 99 4339 0
6 99 4338 0
6 99 4344 0
6 99 4342 0
6 99 4333 0
6 99 4340 0
6 99 4341 0
6 99 4330 0
6 99 4327 0
6 99 4329 0
6 100 4357 0
6 100 4362 0
6 100 4353 0
6 100 4351 0
6 100 4352 0
6 100 4356 0
6 100 4359 0
6 100 4354 0
6 100 4355 0
6 100 4345 0
6 100 4358 0
6 100 4347 0
6 100 4348 0
6 100 4350 0
6 100 4346 0
6 100 4349 0
6 100 4361 0
6 100 4360 0
6 101 4366 0
6 101 4369 0
6 101 4370 0
6 101 4368 0
6 101 4363 0
6 101 4371 0
6 101 4367 0
6 101 4365 0
6 101 4364 0
6 102 4374 0
6 102 4375 0
6 102 4378 0
6 102 4377 0
6 102 4379 0
6 102 4381 0
6 102 4382 0
6 102 4383 0
6 102 4380 0
6 102 4373 0
6 102 4372 0
6 102 4376 0
6 103 4399 0
6 103 4401 0
6 103 4388 0
6 103 4384 0
6 103 4385 0
6 103 4391 0
6 103 4396 0
6 103 4386 0
6 103 4394 0
6 103 4400 0
6 103 4395 0
6 103 4398 0
6 103 4397 0
6 103 4392 0
6 103 4389 0
6 103 4393 0
6 103 4404 0
6 103 4403 0
6 103 4402 0
6 103 4390 0
6 103 4387 0
6 104 4420 0
6 104 4421 0
6 104 4409 0
6 104 4415 0
6 104 4412 0
6 104 4405 0
6 104 4418 0
6 104 4407 0
6 104 4406 0
6 104 4411 0
6 104 4408 0
6 104 4413 0
6 104 4416 0
6 104 4410 0
6 104 6780 0
6 104 4417 0
6 104 4414 0
6 104 4422 0
6 104 4423 0
6 104 4419 0
6 105 4425 0
6 105 4438 0
6 105 4439 0
6 105 4427 0
6 105 4429 0
6 105 4428 0
6 105 4440 0
6 105 4424 0
6 105 4426 0
6 105 4433 0
6 105 4436 0
6 105 4434 0
6 105 4437 0
6 105 4435 0
6 105 4432 0
6 105 4431 0
6 105 4430 0
6 106 4446 0
6 106 4448 0
6 106 4445 0
6 106 4447 0
6 106 4449 0
6 106 4450 0
6 106 4444 0
6 106 4442 0
6 106 4443 0
6 106 4441 0
6 106 4451 0
6 107 4458 0
6 107 4459 0
6 107 4453 0
6 107 4454 0
6 107 4455 0
6 107 4456 0
6 107 4457 0
6 107 4452 0
6 108 4461 0
6 108 4463 0
6 108 4469 0
6 108 4465 0
6 108 4464 0
6 108 4466 0
6 108 4462 0
6 108 4460 0
6 108 4468 0
6 108 4467 0
6 109 4478 0
6 109 4486 0
6 109 4485 0
6 109 4474 0
6 109 4476 0
6 109 4482 0
6 109 4472 0
6 109 4480 0
6 109 4479 0
6 109 4475 0
6 109 4477 0
6 109 4487 0
6 109 4473 0
6 109 4470 0
6 109 4471 0
6 109 4481 0
6 109 4484 0
6 109 4483 0
6 110 4488 0
6 110 4495 0
6 110 4492 0
6 110 4496 0
6 110 4490 0
6 110 4494 0
6 110 4489 0
6 110 4493 0
6 110 4491 0
6 128 4738 0
6 128 4745 1
6 128 4744 1
6 128 4742 1
6 128 4740 1
6 128 4741 1
6 128 4743 0
6 128 4735 1
6 128 4737 1
6 128 4736 1
6 128 4746 1
6 128 4747 1
6 128 4739 1
6 129 4760 0
6 129 4762 1
6 129 4751 0
6 129 4765 1
6 129 4753 0
6 129 4767 0
6 129 4756 0
6 129 4761 0
6 129 4759 0
6 129 4768 0
6 129 4763 0
6 129 4766 0
6 129 4757 0
6 129 4758 0
6 129 4754 0
6 129 4755 0
6 129 4769 0
6 129 4764 0
6 129 4750 0
6 129 4749 0
6 129 4748 0
6 129 4752 0
6 130 4774 0
6 130 4776 0
6 130 4773 0
6 130 4772 0
6 130 4777 0
6 130 4770 0
6 130 4771 0
6 130 4787 0
6 130 4783 0
6 130 4786 0
6 130 4785 0
6 130 4779 0
6 130 4784 0
6 130 4778 0
6 130 4775 0
6 130 4780 0
6 130 4782 0
6 130 4781 0
6 131 4792 1
6 131 4797 0
6 131 4794 1
6 131 4793 1
6 131 4798 1
6 131 4796 0
6 131 4800 1
6 131 4795 1
6 131 4799 1
6 131 4789 0
6 131 4790 1
6 131 4788 1
6 131 4791 0
6 132 4805 1
6 132 4804 1
6 132 4814 1
6 132 4815 1
6 132 4810 0
6 132 4813 0
6 132 4812 1
6 132 4811 0
6 132 4806 0
6 132 4803 0
6 132 4809 0
6 132 4808 0
6 132 4807 0
6 132 4802 1
6 132 4801 0
6 133 4828 0
6 133 4826 0
6 133 4824 0
6 133 4825 0
6 133 4830 0
6 133 4831 0
6 133 4817 0
6 133 4816 0
6 133 4820 0
6 133 4818 0
6 133 4833 0
6 133 4823 0
6 133 4822 0
6 133 4834 0
6 133 4835 0
6 133 4821 0
6 133 4827 0
6 133 4832 0
6 133 4829 0
6 133 4819 0
6 134 4844 0
6 134 4843 0
6 134 4842 0
6 134 4847 0
6 134 4839 0
6 134 4838 0
6 134 4837 0
6 134 4841 0
6 134 4846 0
6 134 4836 0
6 134 4845 0
6 134 4840 0
6 135 4848 1
6 135 4857 1
6 135 4859 1
6 135 4851 0
6 135 4852 0
6 135 4853 1
6 135 4850 1
6 135 4855 1
6 135 4849 1
6 135 4856 0
6 135 4858 1
6 135 4854 1
6 136 4865 1
6 136 4868 1
6 136 4870 1
6 136 4863 1
6 136 4862 1
6 136 4866 1
6 136 4871 1
6 136 4867 1
6 136 4861 1
6 136 4864 0
6 136 4869 1
6 136 4860 1
6 137 4886 0
6 137 4875 0
6 137 4877 0
6 137 4883 0
6 137 4882 0
6 137 4881 0
6 137 4873 0
6 137 4884 0
6 137 4885 0
6 137 4880 0
6 137 4879 0
6 137 4887 0
6 137 4876 0
6 137 4878 0
6 137 4874 0
6 137 4872 0
6 176 5387 0
6 176 5390 0
6 176 5388 0
6 176 5389 0
6 176 5382 0
6 176 5380 0
6 176 5378 0
6 176 5385 0
6 176 5391 0
6 176 5379 0
6 176 5381 0
6 176 5384 0
6 176 5392 0
6 176 5393 0
6 176 5394 0
6 176 5383 0
6 176 5386 0
6 177 5412 0
6 177 5395 0
6 177 5408 0
6 177 5411 0
6 177 5397 0
6 177 5401 0
6 177 5396 0
6 177 5404 0
6 177 5405 0
6 177 5398 0
6 177 5403 0
6 177 5402 0
6 177 5399 0
6 177 5406 0
6 177 5407 0
6 177 5400 0
6 177 5409 0
6 177 5410 0
6 178 5420 0
6 178 5425 0
6 178 5415 0
6 178 5417 0
6 178 5416 0
6 178 5421 0
6 178 5419 0
6 178 5413 0
6 178 5414 0
6 178 5422 0
6 178 5424 0
6 178 5423 0
6 178 5418 0
6 179 5439 0
6 179 5427 0
6 179 5433 0
6 179 5444 0
6 179 5429 0
6 179 5442 0
6 179 5441 0
6 179 5435 0
6 179 5437 0
6 179 5434 0
6 179 5431 0
6 179 5428 0
6 179 5443 0
6 179 5426 0
6 179 5438 0
6 179 5432 0
6 179 5430 0
6 179 5440 0
6 179 5436 0
6 180 5452 0
6 180 5450 0
6 180 5447 0
6 180 5451 0
6 180 5446 0
6 180 5456 0
6 180 5448 0
6 180 5458 0
6 180 5455 0
6 180 5454 0
6 180 5449 0
6 180 5445 0
6 180 5457 0
6 180 5453 0
6 181 5463 0
6 181 5459 0
6 181 5462 0
6 181 5469 0
6 181 5470 0
6 181 5465 0
6 181 5460 0
6 181 5466 0
6 181 5461 0
6 181 6766 0
6 181 6765 0
6 181 5468 0
6 181 5467 0
6 181 5464 0
6 182 5475 0
6 182 5483 0
6 182 5484 0
6 182 5476 0
6 182 5481 0
6 182 5478 0
6 182 5472 0
6 182 5477 0
6 182 5485 0
6 182 5482 0
6 182 5480 0
6 182 5473 0
6 182 5474 0
6 182 5479 0
6 182 5471 0
6 222 6100 0
6 222 6101 0
6 222 6099 0
6 222 6091 0
6 222 6095 0
6 222 6096 0
6 222 6092 0
6 222 6098 0
6 222 6094 0
6 222 6093 0
6 222 6097 0
6 223 6684 0
6 223 6102 0
6 223 6104 0
6 223 6103 0
6 223 6107 0
6 223 6105 0
6 223 6106 0
6 224 6114 0
6 224 6116 0
6 224 6119 0
6 224 6109 0
6 224 6123 0
6 224 6117 0
6 224 6118 0
6 224 6121 0
6 224 6111 0
6 224 6115 0
6 224 6112 0
6 224 6120 0
6 224 6122 0
6 224 6113 0
6 224 6110 0
6 224 6108 0
6 225 6128 0
6 225 6127 0
6 225 6125 0
6 225 6134 0
6 225 6135 0
6 225 6130 0
6 225 6129 0
6 225 6124 0
6 225 6126 0
6 225 6133 0
6 225 6132 0
6 225 6131 0
6 226 6142 0
6 226 6141 0
6 226 6136 0
6 226 6137 0
6 226 6143 0
6 226 6145 0
6 226 6144 0
6 226 6139 0
6 226 6149 0
6 226 6147 0
6 226 6148 0
6 226 6146 0
6 226 6140 0
6 226 6138 0
6 227 6153 0
6 227 6151 0
6 227 6157 0
6 227 6162 0
6 227 6163 0
6 227 6164 0
6 227 6161 0
6 227 6155 0
6 227 6156 0
6 227 6159 0
6 227 6158 0
6 227 6152 0
6 227 6154 0
6 227 6160 0
6 227 6150 0
6 228 6174 0
6 228 6175 0
6 228 6179 0
6 228 6177 0
6 228 6173 0
6 228 6170 0
6 228 6176 0
6 228 6165 0
6 228 6168 0
6 228 6171 0
6 228 6169 0
6 228 6172 0
6 228 6166 0
6 228 6167 0
6 228 6178 0
7 294 1 0
7 295 16 0
7 295 15 0
7 295 9 0
7 295 13 0
7 295 8 0
7 295 6657 0
7 295 3 0
7 295 2 0
7 295 10 0
7 295 6 0
7 295 4 0
7 295 17 0
7 295 19 0
7 295 21 0
7 295 20 0
7 295 18 0
7 295 12 0
7 295 5 0
7 295 7 0
7 295 11 0
7 295 22 0
7 295 14 0
7 296 31 0
7 296 32 0
7 296 48 0
7 296 46 0
7 296 43 0
7 296 61 0
7 296 63 0
7 296 62 0
7 296 60 0
7 296 59 0
7 296 52 0
7 296 58 0
7 296 37 0
7 296 44 0
7 296 28 0
7 296 25 0
7 296 24 0
7 296 51 0
7 296 49 0
7 296 55 0
7 296 36 0
7 296 35 0
7 296 40 0
7 296 50 0
7 296 45 0
7 296 47 0
7 296 57 0
7 296 29 0
7 296 54 0
7 296 56 0
7 296 53 0
7 296 23 0
7 296 38 0
7 296 39 0
7 296 27 0
7 296 30 0
7 296 33 0
7 296 34 0
7 296 42 0
7 296 26 0
7 296 41 0
7 297 79 0
7 297 76 0
7 297 68 0
7 297 69 0
7 297 66 0
7 297 84 0
7 297 87 0
7 297 80 0
7 297 82 0
7 297 83 0
7 297 86 0
7 297 72 0
7 297 74 0
7 297 85 0
7 297 77 0
7 297 73 0
7 297 71 0
7 297 81 0
7 297 90 0
7 297 89 0
7 297 78 0
7 297 6644 0
7 297 75 0
7 297 67 0
7 297 65 0
7 297 88 0
7 297 70 0
7 297 64 0
7 298 116 0
7 298 119 0
7 298 96 0
7 298 99 0
7 298 113 0
7 298 120 0
7 298 112 0
7 298 101 0
7 298 100 0
7 298 104 0
7 298 108 0
7 298 115 0
7 298 92 0
7 298 93 0
7 298 95 0
7 298 121 0
7 298 123 0
7 298 94 0
7 298 118 0
7 298 124 0
7 298 105 0
7 298 103 0
7 298 106 0
7 298 98 0
7 298 97 0
7 298 102 0
7 298 122 0
7 298 91 0
7 298 117 0
7 298 111 0
7 298 109 0
7 298 107 0
7 298 110 0
7 298 114 0
7 299 142 0
7 299 144 0
7 299 139 0
7 299 130 0
7 299 160 0
7 299 6648 0
7 299 155 0
7 299 148 0
7 299 131 0
7 299 140 0
7 299 134 0
7 299 159 0
7 299 157 0
7 299 133 0
7 299 126 0
7 299 6646 0
7 299 129 0
7 299 136 0
7 299 138 0
7 299 135 0
7 299 141 0
7 299 145 0
7 299 150 0
7 299 151 0
7 299 137 0
7 299 128 0
7 299 132 0
7 299 158 0
7 299 153 0
7 299 156 0
7 299 149 0
7 299 146 0
7 299 125 0
7 299 154 0
7 299 127 0
7 299 147 0
7 299 6641 0
7 299 143 0
7 299 152 0
7 300 171 0
7 300 174 0
7 300 188 0
7 300 186 0
7 300 185 0
7 300 178 0
7 300 181 0
7 300 179 0
7 300 175 0
7 300 169 0
7 300 173 0
7 300 165 0
7 300 168 0
7 300 164 0
7 300 167 0
7 300 166 0
7 300 162 0
7 300 172 0
7 300 161 0
7 300 163 0
7 300 187 0
7 300 180 0
7 300 184 0
7 300 183 0
7 300 182 0
7 300 176 0
7 300 177 0
7 300 170 0
7 301 204 0
7 301 209 0
7 301 208 0
7 301 6647 0
7 301 201 0
7 301 205 0
7 301 198 0
7 301 197 0
7 301 200 0
7 301 202 0
7 301 206 0
7 301 211 0
7 301 203 0
7 301 207 0
7 301 228 0
7 301 231 0
7 301 230 0
7 301 225 0
7 301 218 0
7 301 214 0
7 301 216 0
7 301 222 0
7 301 210 0
7 301 219 0
7 301 217 0
7 301 213 0
7 301 221 0
7 301 224 0
7 301 227 0
7 301 229 0
7 301 223 0
7 301 191 0
7 301 192 0
7 301 190 0
7 301 226 0
7 301 220 0
7 301 212 0
7 301 195 0
7 301 189 0
7 301 196 0
7 301 193 0
7 301 194 0
7 301 215 0
7 301 199 0
7 302 252 0
7 302 256 0
7 302 246 0
7 302 249 0
7 302 244 0
7 302 247 0
7 302 245 0
7 302 243 0
7 302 260 0
7 302 254 0
7 302 251 0
7 302 250 0
7 302 262 0
7 302 258 0
7 302 255 0
7 302 261 0
7 302 259 0
7 302 266 0
7 302 241 0
7 302 239 0
7 302 237 0
7 302 232 0
7 302 235 0
7 302 242 0
7 302 253 0
7 302 248 0
7 302 269 0
7 302 263 0
7 302 233 0
7 302 234 0
7 302 240 0
7 302 268 0
7 302 236 0
7 302 238 0
7 302 264 0
7 302 257 0
7 302 267 0
7 302 265 0
7 302 6650 0
7 303 304 0
7 303 303 0
7 303 301 0
7 303 290 0
7 303 285 0
7 303 295 0
7 303 284 0
7 303 273 0
7 303 274 0
7 303 289 0
7 303 282 0
7 303 280 0
7 303 299 0
7 303 296 0
7 303 302 0
7 303 276 0
7 303 283 0
7 303 275 0
7 303 281 0
7 303 271 0
7 303 272 0
7 303 270 0
7 303 286 0
7 303 279 0
7 303 291 0
7 303 293 0
7 303 300 0
7 303 6652 0
7 303 277 0
7 303 287 0
7 303 294 0
7 303 292 0
7 303 298 0
7 303 288 0
7 303 297 0
7 303 278 0
7 304 312 0
7 304 307 0
7 304 318 0
7 304 322 0
7 304 316 0
7 304 315 0
7 304 330 0
7 304 331 0
7 304 326 0
7 304 324 0
7 304 329 0
7 304 327 0
7 304 6784 0
7 304 325 0
7 304 311 0
7 304 313 0
7 304 6788 0
7 304 6785 0
7 304 320 0
7 304 323 0
7 304 328 0
7 304 6787 0
7 304 6786 0
7 304 6645 0
7 304 310 0
7 304 319 0
7 304 321 0
7 304 306 0
7 304 305 0
7 304 317 0
7 304 314 0
7 304 309 0
7 304 308 0
7 305 333 0
7 305 337 0
7 305 336 0
7 305 6779 0
7 305 335 0
7 305 347 0
7 305 349 0
7 305 345 0
7 305 338 0
7 305 342 0
7 305 339 0
7 305 344 0
7 305 351 0
7 305 350 0
7 305 346 0
7 305 355 0
7 305 340 0
7 305 354 0
7 305 357 0
7 305 356 0
7 305 343 0
7 305 6776 0
7 305 341 0
7 305 334 0
7 305 332 0
7 305 353 0
7 305 352 0
7 305 348 0
7 306 364 0
7 306 367 0
7 306 363 0
7 306 362 0
7 306 365 0
7 306 369 0
7 306 358 0
7 306 376 0
7 306 374 0
7 306 372 0
7 306 373 0
7 306 375 0
7 306 371 0
7 306 366 0
7 306 370 0
7 306 379 0
7 306 381 0
7 306 377 0
7 306 382 0
7 306 368 0
7 306 380 0
7 306 361 0
7 306 378 0
7 306 360 0
7 306 359 0
7 307 395 0
7 307 390 0
7 307 385 0
7 307 383 0
7 307 399 0
7 307 392 0
7 307 415 0
7 307 414 0
7 307 398 0
7 307 411 0
7 307 404 0
7 307 412 0
7 307 416 0
7 307 409 0
7 307 401 0
7 307 403 0
7 307 402 0
7 307 397 0
7 307 391 0
7 307 6653 0
7 307 384 0
7 307 407 0
7 307 408 0
7 307 410 0
7 307 413 0
7 307 417 0
7 307 406 0
7 307 405 0
7 307 396 0
7 307 393 0
7 307 394 0
7 307 400 0
7 307 387 0
7 307 386 0
7 307 388 0
7 307 389 0
7 308 425 0
7 308 429 0
7 308 419 0
7 308 418 0
7 308 424 0
7 308 427 0
7 308 438 0
7 308 435 0
7 308 443 0
7 308 441 0
7 308 422 0
7 308 421 0
7 308 423 0
7 308 431 0
7 308 434 0
7 308 436 0
7 308 6740 0
7 308 433 0
7 308 430 0
7 308 426 0
7 308 432 0
7 308 437 0
7 308 440 0
7 308 6654 0
7 308 442 0
7 308 445 0
7 308 444 0
7 308 420 0
7 308 428 0
7 308 439 0
7 309 462 0
7 309 456 0
7 309 458 0
7 309 463 0
7 309 464 0
7 309 467 0
7 309 471 0
7 309 470 0
7 309 472 0
7 309 460 0
7 309 459 0
7 309 455 0
7 309 449 0
7 309 447 0
7 309 446 0
7 309 468 0
7 309 452 0
7 309 450 0
7 309 448 0
7 309 451 0
7 309 466 0
7 309 461 0
7 309 454 0
7 309 453 0
7 309 457 0
7 309 475 0
7 309 474 0
7 309 465 0
7 309 473 0
7 309 469 0
7 310 495 0
7 310 500 0
7 310 494 0
7 310 504 0
7 310 498 0
7 310 501 0
7 310 493 0
7 310 489 0
7 310 491 0
7 310 496 0
7 310 483 0
7 310 481 0
7 310 485 0
7 310 492 0
7 310 479 0
7 310 482 0
7 310 478 0
7 310 503 0
7 310 505 0
7 310 506 0
7 310 488 0
7 310 486 0
7 310 487 0
7 310 484 0
7 310 476 0
7 310 477 0
7 310 502 0
7 310 6655 0
7 310 490 0
7 310 480 0
7 310 497 0
7 310 499 0
7 311 527 0
7 311 528 0
7 311 511 0
7 311 508 0
7 311 507 0
7 311 512 0
7 311 513 0
7 311 518 0
7 311 521 0
7 311 529 0
7 311 532 0
7 311 530 0
7 311 533 0
7 311 531 0
7 311 515 0
7 311 516 0
7 311 522 0
7 311 509 0
7 311 517 0
7 311 510 0
7 311 520 0
7 311 523 0
7 311 526 0
7 311 524 0
7 311 519 0
7 311 525 0
7 311 514 0
7 311 6651 0
7 312 554 0
7 312 550 0
7 312 553 0
7 312 552 0
7 312 556 0
7 312 555 0
7 312 548 0
7 312 549 0
7 312 547 0
7 312 551 0
7 312 538 0
7 312 540 0
7 312 536 0
7 312 546 0
7 312 539 0
7 312 542 0
7 312 544 0
7 312 535 0
7 312 534 0
7 312 543 0
7 312 537 0
7 312 541 0
7 312 545 0
7 313 567 0
7 313 571 0
7 313 569 0
7 313 570 0
7 313 572 0
7 313 568 0
7 313 564 0
7 313 560 0
7 313 563 0
7 313 576 0
7 313 577 0
7 313 575 0
7 313 573 0
7 313 557 0
7 313 565 0
7 313 561 0
7 313 559 0
7 313 562 0
7 313 566 0
7 313 574 0
7 313 558 0
7 314 591 0
7 314 594 0
7 314 588 0
7 314 590 0
7 314 587 0
7 314 583 0
7 314 584 0
7 314 585 0
7 314 580 0
7 314 581 0
7 314 596 0
7 314 597 0
7 314 595 0
7 314 579 0
7 314 586 0
7 314 582 0
7 314 589 0
7 314 592 0
7 314 593 0
7 314 578 0
7 315 6659 0
7 315 598 0
7 315 617 0
7 315 612 0
7 315 611 0
7 315 616 0
7 315 613 0
7 315 615 0
7 315 619 0
7 315 608 0
7 315 609 0
7 315 607 0
7 315 614 0
7 315 605 0
7 315 629 0
7 315 624 0
7 315 627 0
7 315 610 0
7 315 626 0
7 315 623 0
7 315 606 0
7 315 604 0
7 315 600 0
7 315 601 0
7 315 599 0
7 315 602 0
7 315 628 0
7 315 625 0
7 315 630 0
7 315 620 0
7 315 622 0
7 315 618 0
7 315 631 0
7 315 621 0
7 315 603 0
7 316 659 0
7 316 663 0
7 316 637 0
7 316 639 0
7 316 635 0
7 316 638 0
7 316 652 0
7 316 655 0
7 316 649 0
7 316 645 0
7 316 6643 0
7 316 6642 0
7 316 632 0
7 316 633 0
7 316 651 0
7 316 658 0
7 316 653 0
7 316 661 0
7 316 644 0
7 316 641 0
7 316 643 0
7 316 646 0
7 316 642 0
7 316 647 0
7 316 634 0
7 316 6656 0
7 316 657 0
7 316 654 0
7 316 648 0
7 316 650 0
7 316 664 0
7 316 662 0
7 316 636 0
7 316 640 0
7 316 660 0
7 316 656 0
7 317 673 0
7 317 670 0
7 317 676 0
7 317 685 0
7 317 680 0
7 317 679 0
7 317 669 0
7 317 672 0
7 317 682 0
7 317 686 0
7 317 675 0
7 317 678 0
7 317 677 0
7 317 671 0
7 317 667 0
7 317 668 0
7 317 681 0
7 317 689 0
7 317 687 0
7 317 683 0
7 317 688 0
7 317 674 0
7 317 666 0
7 317 684 0
7 317 665 0
7 318 724 0
7 318 722 0
7 318 721 0
7 318 708 0
7 318 711 0
7 318 714 0
7 318 719 0
7 318 716 0
7 318 723 0
7 318 720 0
7 318 725 0
7 318 707 0
7 318 713 0
7 318 694 0
7 318 699 0
7 318 700 0
7 318 712 0
7 318 718 0
7 318 695 0
7 318 690 0
7 318 696 0
7 318 697 0
7 318 698 0
7 318 705 0
7 318 703 0
7 318 706 0
7 318 691 0
7 318 692 0
7 318 693 0
7 318 715 0
7 318 710 0
7 318 717 0
7 318 726 0
7 318 701 0
7 318 702 0
7 318 704 0
7 318 709 0
7 319 738 0
7 319 741 0
7 319 737 0
7 319 740 0
7 319 730 0
7 319 731 0
7 319 743 0
7 319 733 0
7 319 6782 0
7 319 751 0
7 319 6781 0
7 319 732 0
7 319 734 0
7 319 736 0
7 319 6658 0
7 319 729 0
7 319 728 0
7 319 754 0
7 319 753 0
7 319 752 0
7 319 727 0
7 319 746 0
7 319 744 0
7 319 735 0
7 319 745 0
7 319 747 0
7 319 739 0
7 319 750 0
7 319 748 0
7 319 742 0
7 319 749 0
7 320 755 0
7 320 759 0
7 320 766 0
7 320 773 0
7 320 772 0
7 320 762 0
7 320 771 0
7 320 777 0
7 320 774 0
7 320 776 0
7 320 767 0
7 320 758 0
7 320 756 0
7 320 757 0
7 320 761 0
7 320 765 0
7 320 760 0
7 320 768 0
7 320 770 0
7 320 775 0
7 320 763 0
7 320 769 0
7 320 764 0
7 321 800 0
7 321 796 0
7 321 795 0
7 321 793 0
7 321 797 0
7 321 6660 0
7 321 779 0
7 321 782 0
7 321 785 0
7 321 808 0
7 321 809 0
7 321 806 0
7 321 804 0
7 321 788 0
7 321 791 0
7 321 792 0
7 321 780 0
7 321 781 0
7 321 786 0
7 321 789 0
7 321 794 0
7 321 799 0
7 321 798 0
7 321 787 0
7 321 790 0
7 321 802 0
7 321 805 0
7 321 783 0
7 321 778 0
7 321 803 0
7 321 784 0
7 321 801 0
7 321 807 0
7 322 820 0
7 322 832 0
7 322 828 0
7 322 826 0
7 322 6694 0
7 322 831 0
7 322 830 0
7 322 824 0
7 322 822 0
7 322 829 0
7 322 818 0
7 322 825 0
7 322 817 0
7 322 815 0
7 322 811 0
7 322 810 0
7 322 814 0
7 322 812 0
7 322 821 0
7 322 823 0
7 322 816 0
7 322 827 0
7 322 813 0
7 322 819 0
7 323 834 0
7 323 837 0
7 323 845 0
7 323 843 0
7 323 861 0
7 323 860 0
7 323 833 0
7 323 836 0
7 323 835 0
7 323 844 0
7 323 840 0
7 323 852 0
7 323 850 0
7 323 856 0
7 323 855 0
7 323 842 0
7 323 839 0
7 323 846 0
7 323 6712 0
7 323 862 0
7 323 6711 0
7 323 851 0
7 323 848 0
7 323 858 0
7 323 859 0
7 323 854 0
7 323 857 0
7 323 847 0
7 323 841 0
7 323 838 0
7 323 853 0
7 323 849 0
7 324 890 0
7 324 886 0
7 324 889 0
7 324 888 0
7 324 873 0
7 324 870 0
7 324 872 0
7 324 863 0
7 324 864 0
7 324 866 0
7 324 867 0
7 324 883 0
7 324 881 0
7 324 882 0
7 324 885 0
7 324 887 0
7 324 869 0
7 324 865 0
7 324 880 0
7 324 879 0
7 324 876 0
7 324 874 0
7 324 871 0
7 324 878 0
7 324 877 0
7 324 875 0
7 324 884 0
7 324 868 0
7 325 907 0
7 325 911 0
7 325 916 0
7 325 920 0
7 325 919 0
7 325 921 0
7 325 908 0
7 325 914 0
7 325 909 0
7 325 901 0
7 325 904 0
7 325 910 0
7 325 902 0
7 325 900 0
7 325 926 0
7 325 927 0
7 325 925 0
7 325 922 0
7 325 923 0
7 325 893 0
7 325 898 0
7 325 897 0
7 325 917 0
7 325 905 0
7 325 899 0
7 325 891 0
7 325 892 0
7 325 895 0
7 325 913 0
7 325 903 0
7 325 906 0
7 325 894 0
7 325 915 0
7 325 896 0
7 325 924 0
7 325 918 0
7 325 912 0
7 326 928 0
7 326 929 0
7 326 930 0
7 326 941 0
7 326 944 0
7 326 939 0
7 326 935 0
7 326 950 0
7 326 951 0
7 326 936 0
7 326 932 0
7 326 933 0
7 326 942 0
7 326 943 0
7 326 946 0
7 326 934 0
7 326 938 0
7 326 940 0
7 326 931 0
7 326 947 0
7 326 945 0
7 326 949 0
7 326 948 0
7 326 937 0
8 35 3245 0
8 35 3251 0
8 35 3239 0
8 35 3246 0
8 35 3252 0
8 35 3234 0
8 35 3233 0
8 35 3236 0
8 35 3231 0
8 35 3240 0
8 35 3237 0
8 35 3259 0
8 35 3262 0
8 35 3255 0
8 35 3244 0
8 35 3225 0
8 35 3227 0
8 35 3258 0
8 35 3254 0
8 35 3253 0
8 35 3260 0
8 35 3249 0
8 35 3247 0
8 35 3256 0
8 35 3238 0
8 35 3241 0
8 35 3248 0
8 35 3257 0
8 35 3250 0
8 35 3230 0
8 35 3229 0
8 35 3226 0
8 35 3228 0
8 35 3232 0
8 35 3235 0
8 35 3243 0
8 35 3242 0
8 35 3261 0
8 36 3267 0
8 36 3264 0
8 36 3265 0
8 36 3268 0
8 36 3276 0
8 36 3277 0
8 36 3270 0
8 36 3272 0
8 36 3274 0
8 36 3275 0
8 36 3271 0
8 36 3273 0
8 36 3269 0
8 36 3266 0
8 36 3263 0
8 37 3288 0
8 37 3280 0
8 37 3283 0
8 37 3282 0
8 37 3284 0
8 37 3292 0
8 37 3285 0
8 37 3278 0
8 37 3290 0
8 37 3298 0
8 37 3296 0
8 37 3297 0
8 37 3287 0
8 37 3295 0
8 37 3279 0
8 37 3299 0
8 37 3289 0
8 37 3281 0
8 37 3286 0
8 37 3293 0
8 37 3291 0
8 37 3294 0
8 38 3310 0
8 38 3309 0
8 38 3306 0
8 38 3307 0
8 38 3303 0
8 38 3302 0
8 38 3315 0
8 38 3317 0
8 38 3316 0
8 38 3313 0
8 38 3304 0
8 38 3305 0
8 38 3301 0
8 38 3312 0
8 38 3308 0
8 38 3311 0
8 38 3300 0
8 38 3314 0
8 39 3321 0
8 39 3318 0
8 39 3324 0
8 39 3326 0
8 39 3323 0
8 39 3325 0
8 39 3331 0
8 39 3319 0
8 39 3330 0
8 39 3320 0
8 39 3329 0
8 39 3327 0
8 39 3328 0
8 39 3322 0
8 40 3348 0
8 40 3337 0
8 40 3336 0
8 40 3333 0
8 40 3338 0
8 40 3340 0
8 40 3343 0
8 40 3341 0
8 40 3346 0
8 40 3345 0
8 40 3344 0
8 40 3339 0
8 40 3342 0
8 40 3332 0
8 40 3334 0
8 40 3347 0
8 40 3335 0
8 40 3349 0
8 41 3367 0
8 41 3364 0
8 41 3355 0
8 41 3354 0
8 41 3351 0
8 41 3352 0
8 41 3353 0
8 41 3362 0
8 41 3365 0
8 41 3359 0
8 41 3368 0
8 41 3358 0
8 41 3360 0
8 41 3357 0
8 41 3361 0
8 41 3356 0
8 41 3363 0
8 41 3350 0
8 41 3366 0
8 41 3369 0
8 42 3399 0
8 42 3392 0
8 42 3400 0
8 42 3382 0
8 42 3380 0
8 42 3378 0
8 42 3383 0
8 42 3390 0
8 42 3387 0
8 42 3385 0
8 42 3393 0
8 42 3396 0
8 42 3401 0
8 42 3394 0
8 42 3397 0
8 42 3395 0
8 42 3371 0
8 42 3376 0
8 42 3374 0
8 42 3389 0
8 42 3384 0
8 42 3388 0
8 42 3386 0
8 42 3372 0
8 42 3373 0
8 42 3370 0
8 42 3375 0
8 42 3381 0
8 42 3379 0
8 42 3391 0
8 42 3398 0
8 42 3377 0
8 43 3427 0
8 43 3430 0
8 43 3429 0
8 43 3420 0
8 43 3433 0
8 43 3432 0
8 43 3426 0
8 43 3421 0
8 43 3407 0
8 43 3414 0
8 43 3423 0
8 43 3416 0
8 43 3419 0
8 43 3411 0
8 43 3409 0
8 43 3403 0
8 43 3410 0
8 43 3413 0
8 43 3406 0
8 43 3405 0
8 43 3402 0
8 43 3404 0
8 43 3415 0
8 43 3425 0
8 43 3431 0
8 43 3428 0
8 43 3434 0
8 43 3422 0
8 43 3408 0
8 43 3412 0
8 43 3417 0
8 43 3424 0
8 43 3418 0
8 44 3447 0
8 44 3450 0
8 44 3441 0
8 44 3445 0
8 44 3453 0
8 44 3452 0
8 44 3449 0
8 44 3451 0
8 44 3446 0
8 44 3444 0
8 44 3438 0
8 44 3439 0
8 44 3436 0
8 44 3437 0
8 44 6679 0
8 44 3456 0
8 44 3458 0
8 44 3457 0
8 44 3448 0
8 44 3440 0
8 44 3442 0
8 44 3454 0
8 44 3443 0
8 44 3435 0
8 44 3455 0
8 45 3481 0
8 45 3487 0
8 45 3459 0
8 45 3464 0
8 45 3475 0
8 45 3480 0
8 45 3485 0
8 45 3483 0
8 45 3472 0
8 45 3466 0
8 45 3462 0
8 45 3460 0
8 45 3478 0
8 45 3479 0
8 45 3474 0
8 45 3476 0
8 45 3473 0
8 45 3477 0
8 45 3486 0
8 45 3482 0
8 45 3471 0
8 45 3467 0
8 45 3470 0
8 45 3465 0
8 45 3469 0
8 45 3468 0
8 45 3484 0
8 45 3488 0
8 45 3461 0
8 45 3463 0
8 45 3490 0
8 45 3489 0
8 46 3496 0
8 46 3500 0
8 46 3495 0
8 46 3504 0
8 46 3503 0
8 46 3501 0
8 46 3499 0
8 46 3507 0
8 46 3491 0
8 46 3492 0
8 46 3493 0
8 46 3498 0
8 46 3502 0
8 46 3505 0
8 46 3506 0
8 46 3494 0
8 46 3497 0
8 46 3508 0
8 57 3582 0
8 57 3576 0
8 57 3578 0
8 57 3568 0
8 57 3571 0
8 57 3563 0
8 57 3562 0
8 57 3570 0
8 57 3577 0
8 57 3572 0
8 57 3574 0
8 57 3567 0
8 57 3564 0
8 57 3583 0
8 57 3584 0
8 57 3580 0
8 57 3565 0
8 57 3575 0
8 57 3569 0
8 57 3573 0
8 57 3579 0
8 57 3581 0
8 57 3585 0
8 57 3566 0
8 58 3592 0
8 58 3591 0
8 58 3587 0
8 58 3586 0
8 58 3596 0
8 58 3595 0
8 58 3594 0
8 58 3593 0
8 58 3590 0
8 58 3588 0
8 58 3589 0
8 58 6681 0
8 59 3597 0
8 59 3602 0
8 59 3603 0
8 59 3599 0
8 59 3600 0
8 59 3598 0
8 59 3604 0
8 59 3601 0
8 60 3618 0
8 60 3610 0
8 60 3620 0
8 60 3624 0
8 60 3613 0
8 60 3609 0
8 60 3621 0
8 60 3623 0
8 60 3607 0
8 60 6682 0
8 60 3606 0
8 60 3625 0
8 60 3626 0
8 60 3617 0
8 60 3616 0
8 60 3619 0
8 60 3615 0
8 60 3608 0
8 60 3611 0
8 60 3614 0
8 60 3605 0
8 60 3622 0
8 60 3612 0
8 94 4264 0
8 94 4261 0
8 94 6715 0
8 94 4257 0
8 94 4259 0
8 94 4258 0
8 94 4256 0
8 94 4265 0
8 94 4266 0
8 94 4263 0
8 94 4260 0
8 94 4262 0
8 94 6716 0
8 95 4267 0
8 95 4271 0
8 95 4268 0
8 95 4274 0
8 95 4275 0
8 95 4277 0
8 95 4269 0
8 95 4276 0
8 95 4273 0
8 95 4270 0
8 95 4272 0
8 96 4278 0
8 96 4279 0
8 96 4283 0
8 96 4280 0
8 96 4282 0
8 96 4285 0
8 96 4286 0
8 96 4281 0
8 96 4287 0
8 96 4284 0
8 96 4290 0
8 96 4288 0
8 96 4289 0
8 97 4296 0
8 97 4295 0
8 97 4301 0
8 97 4300 0
8 97 4299 0
8 97 4293 0
8 97 4292 0
8 97 4294 0
8 97 4297 0
8 97 4298 0
8 97 4291 0
8 98 4319 0
8 98 4309 0
8 98 4314 0
8 98 4312 0
8 98 4311 0
8 98 4307 0
8 98 4304 0
8 98 4305 0
8 98 4308 0
8 98 4302 0
8 98 4303 0
8 98 4316 0
8 98 4318 0
8 98 4317 0
8 98 4315 0
8 98 4306 0
8 98 4321 0
8 98 4320 0
8 98 4310 0
8 98 4313 0
8 98 4322 0
8 117 4588 0
8 117 4579 0
8 117 4575 0
8 117 4587 0
8 117 4590 0
8 117 4583 0
8 117 4584 0
8 117 4574 0
8 117 4576 0
8 117 4573 0
8 117 4577 0
8 117 4582 0
8 117 4592 0
8 117 4591 0
8 117 4589 0
8 117 4580 0
8 117 4593 0
8 117 4586 0
8 117 4578 0
8 117 4581 0
8 117 4585 0
8 117 4572 0
8 118 4596 0
8 118 4595 0
8 118 4594 0
8 118 4601 0
8 118 4605 0
8 118 4599 0
8 118 4603 0
8 118 6696 0
8 118 4597 0
8 118 4606 0
8 118 6687 0
8 118 4598 0
8 118 4602 0
8 118 4604 0
8 118 4600 0
8 119 4611 0
8 119 4614 0
8 119 4610 0
8 119 4616 0
8 119 4617 0
8 119 4618 0
8 119 4619 0
8 119 4608 0
8 119 4609 0
8 119 4613 0
8 119 4612 0
8 119 4621 0
8 119 4607 0
8 119 4620 0
8 119 4615 0
8 120 4629 0
8 120 4625 0
8 120 4632 0
8 120 4624 0
8 120 4630 0
8 120 4635 0
8 120 4626 0
8 120 4623 0
8 120 4627 0
8 120 4622 0
8 120 4633 0
8 120 4631 0
8 120 4634 0
8 120 4628 0
8 121 4644 0
8 121 4645 0
8 121 4636 0
8 121 4637 0
8 121 4642 0
8 121 4640 0
8 121 4643 1
8 121 4638 0
8 121 4639 1
8 121 4641 1
8 122 4648 0
8 122 4654 0
8 122 4655 0
8 122 4649 0
8 122 4647 0
8 122 4650 1
8 122 4652 0
8 122 4653 0
8 122 4651 0
8 122 4656 0
8 122 4646 0
8 123 4664 0
8 123 4660 0
8 123 6680 0
8 123 4662 0
8 123 4663 0
8 123 6689 0
8 123 4658 0
8 123 6688 0
8 123 4666 0
8 123 4657 0
8 123 4670 0
8 123 4669 0
8 123 4668 0
8 123 4665 0
8 123 4667 0
8 123 4661 0
8 123 4659 0
8 124 4676 0
8 124 4692 0
8 124 4688 0
8 124 4691 0
8 124 4685 0
8 124 4687 0
8 124 4677 0
8 124 4686 0
8 124 4689 0
8 124 4681 0
8 124 4678 0
8 124 4679 0
8 124 4671 0
8 124 4684 0
8 124 4690 0
8 124 4680 0
8 124 4683 0
8 124 4693 0
8 124 4682 0
8 124 4673 0
8 124 4674 0
8 124 4675 0
8 124 4672 0
8 125 4699 0
8 125 4698 0
8 125 4697 0
8 125 4696 0
8 125 4694 0
8 125 4695 0
8 125 4705 0
8 125 4704 0
8 125 4700 1
8 125 4702 0
8 125 4703 0
8 125 4701 0
8 126 4716 0
8 126 4708 1
8 126 4707 0
8 126 4717 0
8 126 4712 0
8 126 4710 0
8 126 4713 0
8 126 4718 0
8 126 4706 0
8 126 4714 0
8 126 4720 0
8 126 4715 0
8 126 4709 0
8 126 4711 0
8 126 4719 0
8 127 4732 0
8 127 4734 0
8 127 4724 0
8 127 4730 0
8 127 4729 0
8 127 4731 0
8 127 4722 0
8 127 4723 0
8 127 4733 0
8 127 4725 0
8 127 4727 0
8 127 4726 0
8 127 4728 0
8 127 4721 0
8 138 4892 0
8 138 4893 0
8 138 4894 0
8 138 4895 0
8 138 4898 0
8 138 4891 0
8 138 4888 0
8 138 4890 0
8 138 4889 0
8 138 4899 0
8 138 4901 0
8 138 4896 0
8 138 4900 0
8 138 4897 0
8 139 4918 0
8 139 4916 0
8 139 4915 0
8 139 4913 0
8 139 4917 0
8 139 4908 0
8 139 4906 0
8 139 4905 0
8 139 4909 0
8 139 4910 0
8 139 4904 0
8 139 4907 0
8 139 4902 0
8 139 4911 0
8 139 4912 0
8 139 4903 0
8 139 4914 0
8 139 6714 0
8 139 6713 0
8 140 4930 0
8 140 4926 0
8 140 4920 0
8 140 4922 0
8 140 4925 0
8 140 4919 0
8 140 4928 0
8 140 4923 0
8 140 4931 0
8 140 4927 0
8 140 4924 0
8 140 4929 0
8 140 4921 0
8 141 4937 0
8 141 4942 0
8 141 4945 0
8 141 4943 0
8 141 4933 0
8 141 4939 0
8 141 4936 0
8 141 4932 0
8 141 4941 0
8 141 4944 0
8 141 4934 0
8 141 4938 0
8 141 4935 0
8 141 4940 0
8 142 4950 0
8 142 4948 0
8 142 4947 0
8 142 4949 0
8 142 4954 0
8 142 4955 0
8 142 4957 0
8 142 4958 0
8 142 4946 0
8 142 4951 0
8 142 4953 0
8 142 4956 0
8 142 4952 0
8 143 4961 0
8 143 4972 0
8 143 4965 0
8 143 4963 0
8 143 4970 0
8 143 4973 0
8 143 4959 0
8 143 4964 0
8 143 4974 0
8 143 4976 0
8 143 4962 0
8 143 4960 0
8 143 4966 0
8 143 4967 0
8 143 4969 0
8 143 4975 0
8 143 4968 0
8 143 4971 0
8 143 4977 0
8 144 6690 0
8 144 4989 0
8 144 4987 0
8 144 4991 0
8 144 4980 0
8 144 4984 0
8 144 4990 0
8 144 4982 0
8 144 4983 0
8 144 4981 0
8 144 4978 0
8 144 4985 0
8 144 4988 0
8 144 4986 0
8 144 4979 0
8 145 5001 0
8 145 4999 0
8 145 4992 0
8 145 4993 0
8 145 4996 0
8 145 4994 0
8 145 4995 0
8 145 6737 0
8 145 6738 0
8 145 4997 0
8 145 5000 0
8 145 4998 0
8 145 5003 0
8 145 5002 0
8 146 5018 0
8 146 5012 0
8 146 5020 0
8 146 5015 0
8 146 5013 0
8 146 5017 0
8 146 5019 0
8 146 5011 0
8 146 5010 0
8 146 5009 0
8 146 5006 0
8 146 5014 0
8 146 5007 0
8 146 5008 0
8 146 5016 0
8 146 5004 0
8 146 5005 0
8 147 5029 0
8 147 5026 0
8 147 5028 0
8 147 5027 0
8 147 5030 0
8 147 5036 0
8 147 5035 0
8 147 5037 0
8 147 5022 0
8 147 5021 0
8 147 5024 0
8 147 5032 0
8 147 5025 0
8 147 5023 0
8 147 5033 0
8 147 5031 0
8 147 5034 0
8 148 5041 0
8 148 5038 0
8 148 5042 0
8 148 5045 0
8 148 5047 0
8 148 5046 0
8 148 5048 0
8 148 6691 0
8 148 5040 0
8 148 5044 0
8 148 5043 0
8 148 5049 0
8 148 5039 0
8 149 5063 0
8 149 5062 0
8 149 5060 0
8 149 5053 0
8 149 5061 0
8 149 5059 0
8 149 5050 0
8 149 5056 0
8 149 5057 0
8 149 5058 0
8 149 5055 0
8 149 5051 0
8 149 5052 0
8 149 5054 0
8 204 5794 0
8 204 5797 0
8 204 5802 0
8 204 5793 0
8 204 5792 0
8 204 5790 0
8 204 5788 0
8 204 5789 0
8 204 5791 0
8 204 5799 0
8 204 5798 0
8 204 5801 0
8 204 5800 0
8 204 5795 0
8 204 5787 0
8 204 5796 0
8 204 5803 0
8 204 5805 0
8 204 5804 0
8 205 5810 0
8 205 5812 0
8 205 5822 0
8 205 5823 0
8 205 5813 0
8 205 5815 0
8 205 5820 0
8 205 5818 0
8 205 5811 0
8 205 5817 0
8 205 5819 0
8 205 5814 0
8 205 5821 0
8 205 5809 0
8 205 5808 0
8 205 5816 0
8 205 5807 0
8 205 5806 0
8 206 5828 0
8 206 5830 0
8 206 5834 0
8 206 5829 0
8 206 5835 0
8 206 5842 0
8 206 5841 0
8 206 5838 0
8 206 5833 0
8 206 5832 0
8 206 5836 0
8 206 5837 0
8 206 5825 0
8 206 5827 0
8 206 5839 0
8 206 5840 0
8 206 5843 0
8 206 5824 0
8 206 5826 0
8 206 5831 0
8 207 5848 0
8 207 5849 0
8 207 5851 0
8 207 5847 0
8 207 5844 0
8 207 5856 0
8 207 6744 0
8 207 5853 0
8 207 5852 0
8 207 5854 0
8 207 5850 0
8 207 5845 0
8 207 5846 0
8 207 5855 0
8 208 5868 0
8 208 5859 0
8 208 5871 0
8 208 5869 0
8 208 5870 0
8 208 5861 0
8 208 5857 0
8 208 5863 0
8 208 5862 0
8 208 5867 0
8 208 5858 0
8 208 5860 0
8 208 5865 0
8 208 5866 0
8 208 5864 0
8 229 6194 0
8 229 6196 0
8 229 6197 0
8 229 6192 0
8 229 6193 0
8 229 6189 0
8 229 6188 0
8 229 6185 0
8 229 6181 0
8 229 6180 0
8 229 6182 0
8 229 6190 0
8 229 6195 0
8 229 6184 0
8 229 6187 0
8 229 6186 0
8 229 6183 0
8 229 6191 0
8 230 6200 0
8 230 6204 0
8 230 6695 0
8 230 6205 0
8 230 6202 0
8 230 6203 0
8 230 6198 0
8 230 6199 0
8 230 6201 0
8 231 6219 0
8 231 6215 0
8 231 6209 0
8 231 6216 0
8 231 6213 0
8 231 6218 0
8 231 6206 0
8 231 6208 0
8 231 6220 0
8 231 6221 0
8 231 6207 0
8 231 6217 0
8 231 6222 0
8 231 6212 0
8 231 6211 0
8 231 6214 0
8 231 6223 0
8 231 6210 0
8 232 6224 0
8 232 6225 0
8 232 6227 0
8 232 6236 0
8 232 6229 0
8 232 6230 0
8 232 6231 0
8 232 6235 0
8 232 6232 0
8 232 6233 0
8 232 6228 0
8 232 6234 0
8 232 6226 0
8 233 6238 0
8 233 6240 0
8 233 6250 0
8 233 6254 0
8 233 6253 0
8 233 6252 0
8 233 6243 0
8 233 6248 0
8 233 6249 0
8 233 6244 0
8 233 6245 0
8 233 6237 0
8 233 6239 0
8 233 6241 0
8 233 6247 0
8 233 6246 0
8 233 6251 0
8 233 6242 0
8 234 6263 0
8 234 6261 0
8 234 6260 0
8 234 6258 0
8 234 6257 0
8 234 6255 0
8 234 6256 0
8 234 6262 0
8 234 6264 0
8 234 6259 0
8 235 6270 0
8 235 6269 0
8 235 6267 0
8 235 6266 0
8 235 6275 0
8 235 6276 0
8 235 6271 0
8 235 6273 0
8 235 6277 0
8 235 6268 0
8 235 6265 0
8 235 6272 0
8 235 6274 0
8 236 6279 0
8 236 6283 0
8 236 6278 0
8 236 6287 0
8 236 6288 0
8 236 6284 0
8 236 6280 0
8 236 6289 0
8 236 6281 0
8 236 6286 0
8 236 6285 0
8 236 6282 0
8 237 6296 0
8 237 6299 0
8 237 6293 0
8 237 6298 0
8 237 6297 0
8 237 6292 0
8 237 6294 0
8 237 6295 0
8 237 6291 0
8 237 6649 0
8 237 6290 0
8 238 6313 0
8 238 6307 0
8 238 6311 0
8 238 6312 0
8 238 6310 0
8 238 6303 0
8 238 6305 0
8 238 6302 0
8 238 6301 0
8 238 6300 0
8 238 6308 0
8 238 6697 0
8 238 6304 0
8 238 6306 0
8 238 6309 0
8 238 6315 0
8 238 6314 0
8 239 6327 0
8 239 6316 0
8 239 6325 0
8 239 6320 0
8 239 6323 0
8 239 6324 0
8 239 6318 0
8 239 6326 0
8 239 6322 0
8 239 6319 0
8 239 6321 0
8 239 6317 0
8 245 6394 0
8 245 6400 0
8 245 6395 0
8 245 6398 0
8 245 6396 0
8 245 6393 0
8 245 6397 0
8 245 6399 0
8 246 6418 0
8 246 6419 0
8 246 6405 0
8 246 6402 0
8 246 6401 0
8 246 6403 0
8 246 6411 0
8 246 6409 0
8 246 6414 0
8 246 6412 0
8 246 6407 0
8 246 6408 0
8 246 6410 0
8 246 6415 0
8 246 6413 0
8 246 6404 0
8 246 6417 0
8 246 6416 0
8 246 6406 0
8 247 6430 0
8 247 6428 0
8 247 6425 0
8 247 6424 0
8 247 6429 0
8 247 6427 0
8 247 6431 0
8 247 6423 0
8 247 6432 0
8 247 6420 0
8 247 6426 0
8 247 6422 0
8 247 6421 0
8 247 6433 0
8 248 6443 0
8 248 6445 0
8 248 6446 0
8 248 6442 0
8 248 6439 0
8 248 6436 0
8 248 6434 0
8 248 6441 0
8 248 6437 0
8 248 6435 0
8 248 6438 0
8 248 6440 0
8 248 6444 0
8 249 6456 0
8 249 6462 0
8 249 6460 0
8 249 6453 0
8 249 6449 0
8 249 6461 0
8 249 6458 0
8 249 6459 0
8 249 6457 0
8 249 6452 0
8 249 6454 0
8 249 6448 0
8 249 6450 0
8 249 6451 0
8 249 6447 0
8 249 6455 0
8 250 6468 0
8 250 6469 0
8 250 6465 0
8 250 6478 0
8 250 6474 0
8 250 6477 0
8 250 6475 0
8 250 6476 0
8 250 6464 0
8 250 6467 0
8 250 6473 0
8 250 6463 0
8 250 6466 0
8 250 6479 0
8 250 6471 0
8 250 6472 0
8 250 6470 0
8 251 6483 0
8 251 6484 0
8 251 6488 0
8 251 6485 0
8 251 6486 0
8 251 6489 0
8 251 6490 0
8 251 6487 0
8 251 6480 0
8 251 6482 0
8 251 6492 0
8 251 6491 0
8 251 6481 0
9 22 2911 0
9 22 2914 0
9 22 2926 0
9 22 2916 0
9 22 2925 0
9 22 2924 0
9 22 2922 0
9 22 2920 0
9 22 2927 0
9 22 2907 0
9 22 2905 0
9 22 2906 0
9 22 2913 0
9 22 2908 0
9 22 2921 0
9 22 2929 0
9 22 2931 0
9 22 2912 0
9 22 2923 0
9 22 2918 0
9 22 2928 0
9 22 2919 0
9 22 2915 0
9 22 2910 0
9 22 2930 0
9 22 2917 0
9 22 2909 0
9 23 2954 0
9 23 2951 0
9 23 2939 0
9 23 2934 0
9 23 2970 0
9 23 2968 0
9 23 2947 0
9 23 2941 0
9 23 2975 0
9 23 2979 0
9 23 2967 0
9 23 2964 0
9 23 2972 0
9 23 2955 0
9 23 2961 0
9 23 2963 0
9 23 2960 0
9 23 2956 0
9 23 2953 0
9 23 6748 0
9 23 2959 0
9 23 6746 0
9 23 2950 0
9 23 2943 0
9 23 2974 0
9 23 2973 0
9 23 2944 0
9 23 2980 0
9 23 2977 0
9 23 2932 0
9 23 2976 0
9 23 2981 0
9 23 2937 0
9 23 2942 0
9 23 2948 0
9 23 2952 0
9 23 2949 0
9 23 2935 0
9 23 2936 0
9 23 2938 0
9 23 2971 0
9 23 6747 0
9 23 6745 0
9 23 2945 0
9 23 2957 0
9 23 2962 0
9 23 2958 0
9 23 2933 0
9 23 2965 0
9 23 2978 0
9 23 2946 0
9 23 2940 0
9 23 2982 0
9 23 2969 0
9 23 2966 0
9 24 2993 0
9 24 3004 0
9 24 6703 0
9 24 3005 0
9 24 2989 0
9 24 2987 0
9 24 2992 0
9 24 2996 0
9 24 2986 0
9 24 2988 0
9 24 2991 0
9 24 2990 0
9 24 2983 0
9 24 2984 0
9 24 2985 0
9 24 3001 0
9 24 3006 0
9 24 3003 0
9 24 6704 0
9 24 2999 0
9 24 2998 0
9 24 2997 0
9 24 3002 0
9 24 3000 0
9 24 2995 0
9 24 2994 0
9 25 3011 0
9 25 3010 0
9 25 3030 0
9 25 3038 0
9 25 3025 0
9 25 3015 0
9 25 3018 0
9 25 3009 0
9 25 3014 0
9 25 3020 0
9 25 3028 0
9 25 3026 0
9 25 3024 0
9 25 3019 0
9 25 3037 0
9 25 3034 0
9 25 3033 0
9 25 3032 0
9 25 3036 0
9 25 3035 0
9 25 3017 0
9 25 3029 0
9 25 3031 0
9 25 3027 0
9 25 3021 0
9 25 3023 0
9 25 3007 0
9 25 3008 0
9 25 3022 0
9 25 3016 0
9 25 3012 0
9 25 3013 0
9 26 3042 0
9 26 3041 0
9 26 3045 0
9 26 3046 0
9 26 3040 0
9 26 3039 0
9 26 3054 0
9 26 3050 0
9 26 3061 0
9 26 3064 0
9 26 3052 0
9 26 3058 0
9 26 3066 0
9 26 3065 0
9 26 3059 0
9 26 3063 0
9 26 3048 0
9 26 3051 0
9 26 3049 0
9 26 3047 0
9 26 3044 0
9 26 3043 0
9 26 3055 0
9 26 3056 0
9 26 3060 0
9 26 3057 0
9 26 3053 0
9 26 3070 0
9 26 3068 0
9 26 3069 0
9 26 3067 0
9 26 3062 0
9 27 3085 0
9 27 3081 0
9 27 3084 0
9 27 3080 0
9 27 6698 0
9 27 3076 0
9 27 3077 0
9 27 3083 0
9 27 3079 0
9 27 3082 0
9 27 3075 0
9 27 3072 0
9 27 3086 0
9 27 3073 0
9 27 3074 0
9 27 3071 0
9 27 3078 0
9 28 3102 0
9 28 3104 0
9 28 3105 0
9 28 3103 0
9 28 3107 0
9 28 3101 0
9 28 3106 0
9 28 3088 0
9 28 3087 0
9 28 3091 0
9 28 3093 0
9 28 3100 0
9 28 3097 0
9 28 3092 0
9 28 3096 0
9 28 3095 0
9 28 3099 0
9 28 3089 0
9 28 3094 0
9 28 3090 0
9 28 6741 0
9 28 3098 0
9 28 6743 0
9 29 3114 0
9 29 3109 0
9 29 3116 0
9 29 3117 0
9 29 3110 0
9 29 3125 0
9 29 3112 0
9 29 3111 0
9 29 3113 0
9 29 3123 0
9 29 3121 0
9 29 3108 0
9 29 3115 0
9 29 3118 0
9 29 3119 0
9 29 3124 0
9 29 3120 0
9 29 3122 0
9 30 6707 0
9 30 3132 0
9 30 3139 0
9 30 3145 0
9 30 3141 0
9 30 3137 0
9 30 3147 0
9 30 3143 0
9 30 3142 0
9 30 3146 0
9 30 3131 0
9 30 3134 0
9 30 3128 0
9 30 3126 0
9 30 3130 0
9 30 6705 0
9 30 3148 0
9 30 3144 0
9 30 3140 0
9 30 3127 0
9 30 3133 0
9 30 3129 0
9 30 3135 0
9 30 3138 0
9 30 3136 0
9 30 3149 0
9 30 6706 0
9 52 3800 0
9 52 3798 0
9 52 3804 0
9 52 3801 0
9 52 3807 0
9 52 3810 0
9 52 3803 0
9 52 3802 0
9 52 3799 0
9 52 3809 0
9 52 3805 0
9 52 3806 0
9 52 3808 0
9 52 3822 0
9 52 3816 0
9 52 3823 0
9 52 3811 0
9 52 3817 0
9 52 3815 0
9 52 3814 0
9 52 3813 0
9 52 3819 0
9 52 3812 0
9 52 3820 0
9 52 3821 0
9 52 3818 0
9 52 3835 0
9 52 3832 0
9 52 3829 0
9 52 3831 0
9 52 3830 0
9 52 3833 0
9 52 3836 0
9 52 3834 0
9 52 3824 0
9 52 3828 0
9 52 3825 0
9 52 3826 0
9 52 3827 0
9 52 3843 0
9 52 3846 0
9 52 3842 0
9 52 3848 0
9 52 3847 0
9 52 3837 0
9 52 3840 0
9 52 3839 0
9 52 3838 0
9 52 3841 0
9 52 3844 0
9 52 3845 0
9 52 3852 0
9 52 3854 0
9 52 3850 0
9 52 3851 0
9 52 3853 0
9 52 3856 0
9 52 3855 0
9 52 3857 0
9 52 3849 0
9 52 3867 0
9 52 3861 0
9 52 3866 0
9 52 3860 0
9 52 3868 0
9 52 3869 0
9 52 3863 0
9 52 3870 0
9 52 3858 0
9 52 3862 0
9 52 3865 0
9 52 3859 0
9 52 3864 0
9 53 6640 0
9 54 6493 0
9 54 6501 0
9 54 6499 0
9 54 6500 0
9 54 6498 0
9 54 6496 0
9 54 6497 0
9 54 6502 0
9 54 6494 0
9 54 6495 0
9 54 6503 0
9 54 6504 0
9 54 6506 0
9 54 6518 0
9 54 6514 0
9 54 6516 0
9 54 6517 0
9 54 6512 0
9 54 6511 0
9 54 6513 0
9 54 6515 0
9 54 6519 0
9 54 6510 0
9 54 6509 0
9 54 6505 0
9 54 6507 0
9 54 6508 0
9 54 6534 0
9 54 6536 0
9 54 6522 0
9 54 6526 0
9 54 6525 0
9 54 6521 0
9 54 6520 0
9 54 6528 0
9 54 6535 0
9 54 6531 0
9 54 6529 0
9 54 6533 0
9 54 6532 0
9 54 6524 0
9 54 6523 0
9 54 6530 0
9 54 6527 0
9 54 6538 0
9 54 6541 0
9 54 6554 0
9 54 6549 0
9 54 6548 0
9 54 6540 0
9 54 6537 0
9 54 6539 0
9 54 6542 0
9 54 6543 0
9 54 6547 0
9 54 6546 0
9 54 6545 0
9 54 6544 0
9 54 6551 0
9 54 6553 0
9 54 6552 0
9 54 6550 0
9 80 4033 1
9 80 4037 0
9 80 4034 1
9 80 4045 0
9 80 4042 0
9 80 4035 1
9 80 4029 0
9 80 4043 0
9 80 4044 0
9 80 4048 0
9 80 4047 0
9 80 4046 0
9 80 4032 1
9 80 4031 0
9 80 4030 0
9 80 4041 0
9 80 4036 1
9 80 4038 0
9 80 4039 0
9 80 4040 0
9 81 4062 1
9 81 4060 1
9 81 4058 1
9 81 4049 1
9 81 4053 1
9 81 4054 1
9 81 4055 1
9 81 4061 1
9 81 4050 1
9 81 4051 1
9 81 4056 1
9 81 4052 1
9 81 4057 0
9 81 4063 1
9 81 4059 1
9 82 4074 1
9 82 4071 1
9 82 4069 1
9 82 4064 1
9 82 4068 1
9 82 4065 1
9 82 4067 1
9 82 4070 2
9 82 4066 1
9 82 4073 1
9 82 4072 1
9 83 4086 1
9 83 4088 1
9 83 4080 1
9 83 4079 1
9 83 4078 1
9 83 4082 1
9 83 4083 1
9 83 4087 1
9 83 4076 1
9 83 4084 1
9 83 4085 1
9 83 4075 1
9 83 4077 1
9 83 4081 1
9 84 4094 1
9 84 4089 1
9 84 4096 1
9 84 4090 1
9 84 4095 1
9 84 4092 1
9 84 4093 2
9 84 4098 1
9 84 4097 1
9 84 4100 1
9 84 4099 1
9 84 4091 1
9 85 4119 0
9 85 4113 1
9 85 4117 1
9 85 4111 0
9 85 4107 0
9 85 4104 1
9 85 4103 0
9 85 4112 0
9 85 4116 0
9 85 4114 0
9 85 4115 0
9 85 4106 0
9 85 4105 1
9 85 4101 0
9 85 4102 1
9 85 4118 0
9 85 4109 1
9 85 4110 0
9 85 4108 1
9 86 4120 1
9 86 4123 3
9 86 4122 1
9 86 4128 1
9 86 4126 2
9 86 4124 1
9 86 4127 2
9 86 4121 1
9 86 4125 1
9 87 4135 2
9 87 4132 2
9 87 4134 2
9 87 4131 2
9 87 4129 3
9 87 4130 2
9 87 4133 4
9 88 4136 0
9 88 4140 0
9 88 4138 0
9 88 4137 0
9 88 4142 0
9 88 4141 0
9 88 4139 0
9 89 4143 0
9 89 4151 0
9 89 4149 0
9 89 4154 0
9 89 4150 0
9 89 4153 0
9 89 4147 0
9 89 4146 0
9 89 4145 0
9 89 4144 0
9 89 4148 0
9 89 4152 0
9 90 4162 0
9 90 4158 0
9 90 4161 0
9 90 4156 0
9 90 4160 0
9 90 4155 0
9 90 4159 0
9 90 4157 0
9 91 4163 0
9 91 4167 0
9 91 4164 0
9 91 4165 0
9 91 4168 0
9 91 4166 0
9 92 4171 0
9 92 4170 0
9 92 4174 0
9 92 4176 0
9 92 4179 0
9 92 4175 0
9 92 4172 0
9 92 4173 0
9 92 4180 0
9 92 4178 0
9 92 4177 0
9 92 4169 0
9 93 4181 0
9 93 4184 0
9 93 4182 0
9 93 4188 0
9 93 4189 0
9 93 4185 0
9 93 4183 0
9 93 4186 0
9 93 4187 0
9 111 4504 0
9 111 4508 0
9 111 4506 0
9 111 4510 0
9 111 4505 0
9 111 4499 0
9 111 4501 0
9 111 4511 0
9 111 4502 0
9 111 4507 0
9 111 4500 0
9 111 4498 0
9 111 4503 0
9 111 4497 0
9 111 4509 0
9 112 4516 0
9 112 4522 0
9 112 4513 0
9 112 4512 0
9 112 4514 0
9 112 4515 0
9 112 4517 0
9 112 4519 0
9 112 4518 0
9 112 4520 0
9 112 4521 0
9 113 4531 0
9 113 4527 0
9 113 4529 0
9 113 4530 0
9 113 4523 0
9 113 4528 0
9 113 4526 0
9 113 4532 0
9 113 4525 0
9 113 4524 0
9 114 4542 0
9 114 4539 0
9 114 4538 0
9 114 4537 0
9 114 4540 0
9 114 4535 0
9 114 4545 0
9 114 4534 0
9 114 4533 0
9 114 4543 0
9 114 4541 0
9 114 4536 0
9 114 4547 0
9 114 4546 0
9 114 4544 0
9 115 4557 0
9 115 4559 0
9 115 4549 0
9 115 4551 0
9 115 4558 0
9 115 4553 0
9 115 4555 0
9 115 4556 0
9 115 4561 0
9 115 4550 0
9 115 4548 0
9 115 4562 0
9 115 4560 0
9 115 4554 0
9 115 4552 0
9 116 4563 0
9 116 4570 0
9 116 4571 0
9 116 4569 0
9 116 4567 0
9 116 4566 0
9 116 4568 0
9 116 4565 0
9 116 4564 0
9 209 5916 0
9 209 5923 0
9 209 5920 0
9 209 5911 0
9 209 5912 0
9 209 5913 0
9 209 5917 0
9 209 5914 0
9 209 5922 0
9 209 5921 0
9 209 5915 0
9 209 5919 0
9 209 5924 0
9 209 5918 0
9 210 5925 0
9 210 5927 0
9 210 5926 0
9 210 5932 0
9 210 5934 0
9 210 5933 0
9 210 5937 0
9 210 5938 0
9 210 5935 0
9 210 5928 0
9 210 5929 0
9 210 5931 0
9 210 5936 0
9 210 5930 0
9 211 5962 0
9 211 5946 0
9 211 5943 0
9 211 5939 0
9 211 5951 0
9 211 5950 0
9 211 5956 0
9 211 5948 0
9 211 5944 0
9 211 5940 0
9 211 5961 0
9 211 5960 0
9 211 5958 0
9 211 5959 0
9 211 5945 0
9 211 5955 0
9 211 5957 0
9 211 5942 0
9 211 5947 0
9 211 5941 0
9 211 5952 0
9 211 5953 0
9 211 5949 0
9 211 5954 0
9 212 5970 0
9 212 5963 0
9 212 5976 0
9 212 5975 0
9 212 5973 0
9 212 5972 0
9 212 5965 0
9 212 5967 0
9 212 5964 0
9 212 5968 0
9 212 5971 0
9 212 5969 0
9 212 5966 0
9 212 5974 0
9 213 5978 0
9 213 5977 0
9 213 5981 0
9 213 5980 0
9 213 5979 0
10 327 6798 0
10 327 6792 0
10 327 6796 0
10 327 6797 0
10 327 6800 0
10 327 6799 0
10 327 6793 0
10 327 6794 0
10 327 6795 0
10 328 6814 0
10 328 6817 0
10 328 6811 0
10 328 6816 0
10 328 6803 0
10 328 6815 0
10 328 6804 0
10 328 6807 0
10 328 6809 0
10 328 6806 0
10 328 6808 0
10 328 6801 0
10 328 6805 0
10 328 6802 0
10 328 6810 0
10 328 6813 0
10 328 6812 0
10 329 6827 0
10 329 6832 0
10 329 6831 0
10 329 6830 0
10 329 6829 0
10 329 6826 0
10 329 6819 0
10 329 6818 0
10 329 6823 0
10 329 6825 0
10 329 6824 0
10 329 6822 0
10 329 6820 0
10 329 6821 0
10 329 6828 0
10 330 6839 0
10 330 6845 0
10 330 6846 0
10 330 6841 0
10 330 6842 0
10 330 6838 0
10 330 6843 0
10 330 6835 0
10 330 6834 0
10 330 6833 0
10 330 6836 0
10 330 7197 0
10 330 6837 0
10 330 6844 0
10 330 6840 0
10 331 6860 0
10 331 6859 0
10 331 6856 0
10 331 6849 0
10 331 6861 0
10 331 6852 0
10 331 6863 0
10 331 6858 0
10 331 6866 0
10 331 6853 0
10 331 6854 0
10 331 6847 0
10 331 6850 0
10 331 6851 0
10 331 6865 0
10 331 6864 0
10 331 6848 0
10 331 6857 0
10 331 6862 0
10 331 6855 0
10 332 6873 0
10 332 6871 0
10 332 6882 0
10 332 6870 0
10 332 6875 0
10 332 6869 0
10 332 6874 0
10 332 6881 0
10 332 6883 0
10 332 6878 0
10 332 6872 0
10 332 7198 0
10 332 6867 0
10 332 6868 0
10 332 6876 0
10 332 6879 0
10 332 6880 0
10 332 6877 0
10 333 6904 0
10 333 6907 0
10 333 6902 0
10 333 6903 0
10 333 6908 0
10 333 6901 0
10 333 7199 0
10 333 6906 0
10 333 6905 0
10 334 6919 0
10 334 6917 0
10 334 6916 0
10 334 6922 0
10 334 6909 0
10 334 6910 0
10 334 6913 0
10 334 6914 0
10 334 6923 0
10 334 6915 0
10 334 6911 0
10 334 6912 0
10 334 6918 0
10 334 6920 0
10 334 6921 0
10 334 6924 0
10 335 6929 0
10 335 6936 0
10 335 6946 0
10 335 6943 0
10 335 6947 0
10 335 6931 0
10 335 6932 0
10 335 6930 0
10 335 6927 0
10 335 6926 0
10 335 6942 0
10 335 6945 0
10 335 6933 0
10 335 6948 0
10 335 6938 0
10 335 6939 0
10 335 6940 0
10 335 7196 0
10 335 6935 0
10 335 6928 0
10 335 6934 0
10 335 6925 0
10 335 6941 0
10 335 6937 0
10 335 6944 0
10 336 6976 0
10 336 6962 0
10 336 6973 0
10 336 6974 0
10 336 6964 0
10 336 6972 0
10 336 6950 0
10 336 6965 0
10 336 6961 0
10 336 6960 0
10 336 6963 0
10 336 6968 0
10 336 6966 0
10 336 6953 0
10 336 6978 0
10 336 6971 0
10 336 6955 0
10 336 6952 0
10 336 6954 0
10 336 6958 0
10 336 6956 0
10 336 6951 0
10 336 6957 0
10 336 6979 0
10 336 6959 0
10 336 6949 0
10 336 6969 0
10 336 6975 0
10 336 6970 0
10 336 6967 0
10 336 6977 0
10 337 6994 0
10 337 6995 0
10 337 6983 0
10 337 6982 0
10 337 6993 0
10 337 6981 0
10 337 6991 0
10 337 6992 0
10 337 6984 0
10 337 6985 0
10 337 6987 0
10 337 6988 0
10 337 6980 0
10 337 7195 0
10 337 6989 0
10 337 6997 0
10 337 6990 0
10 337 6986 0
10 337 6996 0
10 338 7003 0
10 338 7001 0
10 338 7000 0
10 338 7012 0
10 338 7013 0
10 338 7004 0
10 338 7014 0
10 338 7010 0
10 338 6998 0
10 338 7005 0
10 338 7009 0
10 338 7008 0
10 338 7007 0
10 338 7006 0
10 338 7002 0
10 338 6999 0
10 338 7011 0
10 338 7016 0
10 338 7015 0
10 339 7031 0
10 339 7029 0
10 339 7028 0
10 339 7025 0
10 339 7020 0
10 339 7023 0
10 339 7018 0
10 339 7022 0
10 339 7026 0
10 339 7017 0
10 339 7030 0
10 339 7027 0
10 339 7019 0
10 339 7024 0
10 339 7021 0
10 340 7181 0
10 340 7201 0
10 340 7190 0
10 340 7186 0
10 340 7180 0
10 340 7185 0
10 340 7173 0
10 340 7177 0
10 340 7159 0
10 340 7153 0
10 340 7164 0
10 340 7184 0
10 340 7188 0
10 340 7172 0
10 340 7176 0
10 340 7170 0
10 340 7191 0
10 340 7200 0
10 340 7189 0
10 340 7163 0
10 340 7166 0
10 340 7157 0
10 340 7146 0
10 340 7171 0
10 340 7168 0
10 340 7150 0
10 340 7147 0
10 340 7160 0
10 340 7152 0
10 340 7154 0
10 340 7162 0
10 340 7151 0
10 340 7174 0
10 340 7169 0
10 340 7178 0
10 340 7175 0
10 340 7148 0
10 340 7149 0
10 340 7187 0
10 340 7179 0
10 340 7161 0
10 340 7167 0
10 340 7183 0
10 340 7182 0
10 340 7158 0
10 340 7156 0
10 340 7155 0
10 340 7165 0
10 341 7036 0
10 341 7043 0
10 341 7033 0
10 341 7035 0
10 341 7034 0
10 341 7059 0
10 341 7060 0
10 341 7056 0
10 341 7058 0
10 341 7050 0
10 341 7047 0
10 341 7051 0
10 341 7048 0
10 341 7044 0
10 341 7040 0
10 341 7054 0
10 341 7046 0
10 341 7052 0
10 341 7053 0
10 341 7057 0
10 341 7032 0
10 341 7062 0
10 341 7061 0
10 341 7045 0
10 341 7037 0
10 341 7039 0
10 341 7042 0
10 341 7049 0
10 341 7055 0
10 341 7038 0
10 341 7041 0
10 342 7071 0
10 342 7082 0
10 342 7086 0
10 342 7073 0
10 342 7072 0
10 342 7088 0
10 342 7089 0
10 342 7077 0
10 342 7075 0
10 342 7083 0
10 342 7074 0
10 342 7070 0
10 342 7080 0
10 342 7087 0
10 342 7090 0
10 342 7091 0
10 342 7069 0
10 342 7081 0
10 342 7078 0
10 342 7092 0
10 342 7079 0
10 342 7084 0
10 342 7085 0
10 342 7076 0
10 343 7100 0
10 343 7096 0
10 343 7093 0
10 343 7097 0
10 343 7094 0
10 343 7099 0
10 343 7098 0
10 343 7101 0
10 343 7095 0
10 344 7103 0
10 344 7102 0
10 344 7105 0
10 344 7113 0
10 344 7109 0
10 344 7112 0
10 344 7110 0
10 344 7111 0
10 344 7114 0
10 344 7106 0
10 344 7107 0
10 344 7108 0
10 344 7104 0
10 345 7123 0
10 345 7124 0
10 345 7115 0
10 345 7116 0
10 345 7117 0
10 345 7121 0
10 345 7118 0
10 345 7120 0
10 345 7122 0
10 345 7119 0
10 345 7125 0
10 346 7131 0
10 346 7139 0
10 346 7137 0
10 346 7140 0
10 346 7133 0
10 346 7136 0
10 346 7130 0
10 346 7128 0
10 346 7126 0
10 346 7142 0
10 346 7144 0
10 346 7145 0
10 346 7141 0
10 346 7129 0
10 346 7138 0
10 346 7127 0
10 346 7143 0
10 346 7135 0
10 346 7134 0
10 346 7132 0
10 347 7194 0
10 347 6887 0
10 347 6894 0
10 347 6888 0
10 347 6893 0
10 347 6898 0
10 347 6897 0
10 347 6900 0
10 347 6889 0
10 347 6890 0
10 347 6895 0
10 347 7192 0
10 347 6885 0
10 347 6896 0
10 347 6884 0
10 347 6892 0
10 347 6891 0
10 347 6899 0
10 347 6886 0
10 348 7068 0
10 348 7067 0
10 348 7065 0
10 348 7064 0
10 348 7063 0
10 348 7193 0
10 348 7066 0
